>CATGCTGACC	1-CATGCTGACC	8.792349	-21.893940	0	T:17.0(60.71%),B:2964.6(10.94%),P:1e-9	Tpos:1142.9,Tstd:535.5,Bpos:1211.8,Bstd:717.7,StrandBias:-0.8,Multiplicity:1.29
0.001	0.997	0.001	0.001
0.595	0.079	0.224	0.102
0.106	0.001	0.364	0.529
0.001	0.242	0.664	0.093
0.172	0.709	0.001	0.118
0.001	0.001	0.001	0.997
0.142	0.001	0.856	0.001
0.667	0.090	0.242	0.001
0.111	0.887	0.001	0.001
0.188	0.735	0.076	0.001
>TCTCAGTTAT	2-TCTCAGTTAT	11.230083	-17.182887	0	T:7.0(25.00%),B:322.4(1.19%),P:1e-7	Tpos:1264.0,Tstd:763.0,Bpos:970.2,Bstd:579.6,StrandBias:0.0,Multiplicity:1.14
0.001	0.001	0.001	0.997
0.001	0.997	0.001	0.001
0.001	0.001	0.223	0.775
0.137	0.861	0.001	0.001
0.997	0.001	0.001	0.001
0.001	0.001	0.997	0.001
0.001	0.001	0.001	0.997
0.001	0.001	0.001	0.997
0.888	0.001	0.110	0.001
0.001	0.001	0.001	0.997
>ATGCCATTGG	3-ATGCCATTGG	7.962014	-14.664820	0	T:8.0(28.57%),B:705.9(2.60%),P:1e-6	Tpos:1207.7,Tstd:602.3,Bpos:1204.6,Bstd:729.8,StrandBias:-1.4,Multiplicity:1.38
0.724	0.274	0.001	0.001
0.001	0.001	0.001	0.997
0.001	0.001	0.997	0.001
0.001	0.997	0.001	0.001
0.001	0.897	0.001	0.101
0.997	0.001	0.001	0.001
0.001	0.001	0.001	0.997
0.001	0.001	0.101	0.897
0.001	0.001	0.997	0.001
0.001	0.001	0.997	0.001
>CCTGTGTCCC	4-CCTGTGTCCC	11.419819	-12.904191	0	T:6.0(21.43%),B:385.4(1.42%),P:1e-5	Tpos:1100.2,Tstd:644.4,Bpos:1295.0,Bstd:728.4,StrandBias:1.0,Multiplicity:1.00
0.001	0.997	0.001	0.001
0.001	0.862	0.136	0.001
0.001	0.001	0.001	0.997
0.001	0.001	0.997	0.001
0.001	0.094	0.001	0.904
0.001	0.054	0.944	0.001
0.089	0.001	0.001	0.909
0.001	0.914	0.084	0.001
0.001	0.997	0.001	0.001
0.086	0.912	0.001	0.001
>TCATGCAATT	5-TCATGCAATT	9.954668	-11.018266	0	T:5.0(17.86%),B:311.6(1.15%),P:1e-4	Tpos:1117.4,Tstd:270.4,Bpos:1015.0,Bstd:625.0,StrandBias:-10.0,Multiplicity:1.00
0.071	0.001	0.001	0.927
0.001	0.600	0.001	0.398
0.830	0.116	0.007	0.047
0.061	0.105	0.058	0.776
0.001	0.304	0.640	0.055
0.096	0.842	0.061	0.001
0.862	0.073	0.001	0.064
0.805	0.129	0.065	0.001
0.001	0.060	0.001	0.938
0.001	0.001	0.001	0.997
>AACGTCCCGT	6-AACGTCCCGT	11.219387	-10.019895	0	T:4.0(14.29%),B:189.9(0.70%),P:1e-4	Tpos:1175.7,Tstd:530.8,Bpos:1237.0,Bstd:782.5,StrandBias:-0.4,Multiplicity:1.75
0.997	0.001	0.001	0.001
0.997	0.001	0.001	0.001
0.001	0.839	0.001	0.159
0.001	0.188	0.810	0.001
0.001	0.001	0.001	0.997
0.001	0.997	0.001	0.001
0.154	0.844	0.001	0.001
0.150	0.848	0.001	0.001
0.001	0.001	0.839	0.159
0.001	0.001	0.001	0.997
>AGCGAATTTA	7-AGCGAATTTA	8.350283	-8.636987	0	T:7.0(25.00%),B:1201.8(4.44%),P:1e-3	Tpos:1174.6,Tstd:474.5,Bpos:1023.7,Bstd:654.4,StrandBias:2.8,Multiplicity:1.14
0.700	0.100	0.100	0.100
0.100	0.100	0.700	0.100
0.100	0.700	0.100	0.100
0.100	0.100	0.700	0.100
0.700	0.100	0.100	0.100
0.700	0.100	0.100	0.100
0.100	0.100	0.100	0.700
0.100	0.100	0.100	0.700
0.100	0.100	0.100	0.700
0.700	0.100	0.100	0.100
>ATTTACARTATA	1-ATTTACARTATA	11.635742	-23.902127	0	T:9.0(32.14%),B:334.8(1.24%),P:1e-10	Tpos:1094.7,Tstd:575.5,Bpos:957.4,Bstd:665.2,StrandBias:2.2,Multiplicity:1.22
0.997	0.001	0.001	0.001
0.001	0.001	0.001	0.997
0.105	0.001	0.005	0.889
0.001	0.001	0.001	0.997
0.834	0.001	0.164	0.001
0.091	0.907	0.001	0.001
0.764	0.001	0.001	0.234
0.430	0.001	0.435	0.135
0.105	0.118	0.001	0.776
0.792	0.121	0.001	0.086
0.001	0.001	0.001	0.997
0.631	0.001	0.001	0.367
>GCTGCTATGGGA	2-GCTGCTATGGGA	14.143593	-21.006916	0	T:5.0(17.86%),B:38.5(0.14%),P:1e-9	Tpos:1016.2,Tstd:646.8,Bpos:942.0,Bstd:700.1,StrandBias:-0.6,Multiplicity:1.00
0.184	0.001	0.814	0.001
0.001	0.997	0.001	0.001
0.001	0.001	0.001	0.997
0.001	0.001	0.997	0.001
0.001	0.997	0.001	0.001
0.001	0.194	0.001	0.804
0.997	0.001	0.001	0.001
0.001	0.001	0.001	0.997
0.001	0.001	0.826	0.172
0.001	0.001	0.997	0.001
0.001	0.001	0.997	0.001
0.753	0.245	0.001	0.001
>CTGACCTTBCAG	3-CTGACCTTBCAG	8.693232	-20.195257	0	T:10.0(35.71%),B:726.0(2.68%),P:1e-8	Tpos:989.4,Tstd:756.8,Bpos:1113.1,Bstd:714.8,StrandBias:0.8,Multiplicity:1.10
0.001	0.983	0.015	0.001
0.001	0.001	0.001	0.997
0.001	0.001	0.997	0.001
0.997	0.001	0.001	0.001
0.001	0.649	0.001	0.349
0.001	0.739	0.001	0.259
0.001	0.327	0.016	0.656
0.015	0.001	0.001	0.983
0.078	0.313	0.260	0.350
0.001	0.997	0.001	0.001
0.997	0.001	0.001	0.001
0.001	0.001	0.997	0.001
>GATATTAAAGTT	4-GATATTAAAGTT	9.704437	-18.961935	0	T:7.0(25.00%),B:247.9(0.91%),P:1e-8	Tpos:1158.9,Tstd:319.3,Bpos:1008.5,Bstd:577.2,StrandBias:0.7,Multiplicity:1.14
0.001	0.001	0.997	0.001
0.988	0.001	0.001	0.010
0.001	0.001	0.001	0.997
0.725	0.273	0.001	0.001
0.001	0.012	0.001	0.986
0.313	0.001	0.001	0.685
0.645	0.001	0.353	0.001
0.997	0.001	0.001	0.001
0.685	0.001	0.001	0.313
0.001	0.353	0.645	0.001
0.010	0.001	0.001	0.988
0.283	0.001	0.001	0.715
>AARCCTTARACK	5-AARCCTTARACK	11.241633	-17.976202	0	T:6.0(21.43%),B:159.9(0.59%),P:1e-7	Tpos:1004.3,Tstd:648.2,Bpos:1162.3,Bstd:559.2,StrandBias:-0.4,Multiplicity:1.17
0.997	0.001	0.001	0.001
0.997	0.001	0.001	0.001
0.479	0.001	0.519	0.001
0.001	0.592	0.001	0.406
0.073	0.925	0.001	0.001
0.001	0.001	0.001	0.997
0.001	0.001	0.001	0.997
0.997	0.001	0.001	0.001
0.418	0.073	0.508	0.001
0.997	0.001	0.001	0.001
0.001	0.997	0.001	0.001
0.001	0.001	0.503	0.495
>GAGGAGAAGGTG	6-GAGGAGAAGGTG	13.639266	-17.568202	0	T:7.0(25.00%),B:304.2(1.12%),P:1e-7	Tpos:1355.1,Tstd:720.7,Bpos:1399.1,Bstd:715.6,StrandBias:0.4,Multiplicity:1.00
0.189	0.139	0.671	0.001
0.997	0.001	0.001	0.001
0.001	0.001	0.997	0.001
0.001	0.001	0.997	0.001
0.849	0.001	0.001	0.149
0.001	0.001	0.997	0.001
0.763	0.132	0.104	0.001
0.997	0.001	0.001	0.001
0.001	0.001	0.997	0.001
0.001	0.134	0.864	0.001
0.001	0.001	0.001	0.997
0.001	0.001	0.997	0.001
>AAAGCCAATTTA	7-AAAGCCAATTTA	10.623592	-17.461868	0	T:9.0(32.14%),B:707.4(2.61%),P:1e-7	Tpos:1078.2,Tstd:498.6,Bpos:958.7,Bstd:628.3,StrandBias:-0.3,Multiplicity:1.22
0.997	0.001	0.001	0.001
0.997	0.001	0.001	0.001
0.844	0.001	0.001	0.154
0.018	0.001	0.980	0.001
0.001	0.746	0.252	0.001
0.010	0.819	0.001	0.170
0.997	0.001	0.001	0.001
0.682	0.022	0.171	0.125
0.017	0.155	0.138	0.690
0.129	0.155	0.019	0.697
0.124	0.001	0.267	0.608
0.902	0.001	0.001	0.096
>WATGTTTGCAAT	8-WATGTTTGCAAT	10.011592	-15.789075	0	T:9.0(32.14%),B:862.1(3.18%),P:1e-6	Tpos:1016.5,Tstd:449.7,Bpos:945.4,Bstd:631.0,StrandBias:0.3,Multiplicity:1.22
0.497	0.001	0.001	0.501
0.805	0.001	0.193	0.001
0.001	0.017	0.001	0.981
0.001	0.001	0.952	0.046
0.001	0.001	0.001	0.997
0.001	0.226	0.249	0.524
0.001	0.001	0.001	0.997
0.001	0.226	0.552	0.221
0.018	0.980	0.001	0.001
0.997	0.001	0.001	0.001
0.997	0.001	0.001	0.001
0.001	0.001	0.307	0.691
>AAGAAAAACAAA	9-AAGAAAAACAAA	12.725355	-14.825760	0	T:8.0(28.57%),B:690.6(2.55%),P:1e-6	Tpos:933.7,Tstd:571.3,Bpos:918.3,Bstd:680.9,StrandBias:0.3,Multiplicity:1.12
0.997	0.001	0.001	0.001
0.997	0.001	0.001	0.001
0.025	0.002	0.972	0.001
0.871	0.127	0.001	0.001
0.595	0.206	0.198	0.001
0.997	0.001	0.001	0.001
0.994	0.001	0.001	0.004
0.933	0.065	0.001	0.001
0.028	0.970	0.001	0.001
0.997	0.001	0.001	0.001
0.808	0.190	0.001	0.001
0.795	0.001	0.001	0.203
>TGACTTCAGCCT	10-TGACTTCAGCCT	11.553634	-12.752569	0	T:5.0(17.86%),B:216.9(0.80%),P:1e-5	Tpos:1721.2,Tstd:321.4,Bpos:1266.1,Bstd:703.4,StrandBias:-0.6,Multiplicity:1.00
0.001	0.056	0.001	0.942
0.001	0.183	0.815	0.001
0.997	0.001	0.001	0.001
0.001	0.997	0.001	0.001
0.001	0.001	0.001	0.997
0.151	0.038	0.037	0.774
0.001	0.997	0.001	0.001
0.997	0.001	0.001	0.001
0.001	0.001	0.997	0.001
0.001	0.997	0.001	0.001
0.001	0.997	0.001	0.001
0.001	0.001	0.001	0.997
>GCCAATGGCGGG	11-GCCAATGGCGGG	12.273745	-8.995237	0	T:3.0(10.71%),B:91.1(0.34%),P:1e-3	Tpos:1918.3,Tstd:33.2,Bpos:1763.4,Bstd:360.2,StrandBias:10.0,Multiplicity:1.00
0.001	0.001	0.997	0.001
0.001	0.997	0.001	0.001
0.001	0.997	0.001	0.001
0.997	0.001	0.001	0.001
0.804	0.001	0.001	0.194
0.001	0.001	0.001	0.997
0.001	0.001	0.997	0.001
0.001	0.001	0.997	0.001
0.001	0.997	0.001	0.001
0.020	0.183	0.796	0.001
0.183	0.001	0.815	0.001
0.001	0.001	0.997	0.001
>GGTAATTG	1-GGTAATTG	9.408591	-13.093407	0	T:9.0(32.14%),B:1193.4(4.40%),P:1e-5	Tpos:1145.4,Tstd:518.7,Bpos:1014.7,Bstd:663.3,StrandBias:-0.3,Multiplicity:1.00
0.001	0.001	0.997	0.001
0.001	0.001	0.997	0.001
0.001	0.001	0.001	0.997
0.997	0.001	0.001	0.001
0.997	0.001	0.001	0.001
0.001	0.001	0.001	0.997
0.190	0.152	0.001	0.657
0.001	0.001	0.997	0.001
>GTCTTGGT	2-GTCTTGGT	9.261360	-10.958490	0	T:15.0(53.57%),B:4761.6(17.57%),P:1e-4	Tpos:1220.2,Tstd:565.5,Bpos:1205.0,Bstd:685.1,StrandBias:-0.6,Multiplicity:1.33
0.001	0.001	0.997	0.001
0.001	0.001	0.001	0.997
0.001	0.997	0.001	0.001
0.001	0.234	0.001	0.764
0.001	0.001	0.001	0.997
0.001	0.001	0.997	0.001
0.001	0.001	0.997	0.001
0.001	0.001	0.214	0.784
>ACTGAGCC	3-ACTGAGCC	8.236954	-10.105373	0	T:10.0(35.71%),B:2192.1(8.09%),P:1e-4	Tpos:1230.6,Tstd:671.7,Bpos:1188.1,Bstd:705.4,StrandBias:0.6,Multiplicity:1.00
0.700	0.100	0.100	0.100
0.100	0.700	0.100	0.100
0.100	0.100	0.100	0.700
0.100	0.100	0.700	0.100
0.700	0.100	0.100	0.100
0.100	0.100	0.700	0.100
0.100	0.700	0.100	0.100
0.100	0.700	0.100	0.100
>CATTCCGG	4-CATTCCGG	8.236954	-7.668214	0	T:5.0(17.86%),B:640.0(2.36%),P:1e-3	Tpos:1249.3,Tstd:682.3,Bpos:1407.5,Bstd:714.3,StrandBias:1.0,Multiplicity:1.20
0.100	0.700	0.100	0.100
0.700	0.100	0.100	0.100
0.100	0.100	0.100	0.700
0.100	0.100	0.100	0.700
0.100	0.700	0.100	0.100
0.100	0.700	0.100	0.100
0.100	0.100	0.700	0.100
0.100	0.100	0.700	0.100
>GTGCCAGC	5-GTGCCAGC	8.458710	-7.254794	0	T:13.0(46.43%),B:5031.8(18.57%),P:1e-3	Tpos:1348.6,Tstd:703.6,Bpos:1317.2,Bstd:730.1,StrandBias:-0.6,Multiplicity:1.54
0.070	0.001	0.928	0.001
0.001	0.001	0.001	0.997
0.001	0.001	0.997	0.001
0.001	0.997	0.001	0.001
0.278	0.720	0.001	0.001
0.592	0.001	0.406	0.001
0.075	0.001	0.923	0.001
0.077	0.632	0.001	0.290
