>CATGCTGACC	1-CATGCTGACC	8.792349	-21.893940	0	T:17.0(60.71%),B:2964.6(10.94%),P:1e-9	Tpos:1142.9,Tstd:535.5,Bpos:1211.8,Bstd:717.7,StrandBias:-0.8,Multiplicity:1.29
0.001	0.997	0.001	0.001
0.595	0.079	0.224	0.102
0.106	0.001	0.364	0.529
0.001	0.242	0.664	0.093
0.172	0.709	0.001	0.118
0.001	0.001	0.001	0.997
0.142	0.001	0.856	0.001
0.667	0.090	0.242	0.001
0.111	0.887	0.001	0.001
0.188	0.735	0.076	0.001
>TCTCAGTTAT	2-TCTCAGTTAT	11.230083	-17.182887	0	T:7.0(25.00%),B:322.4(1.19%),P:1e-7	Tpos:1264.0,Tstd:763.0,Bpos:970.2,Bstd:579.6,StrandBias:0.0,Multiplicity:1.14
0.001	0.001	0.001	0.997
0.001	0.997	0.001	0.001
0.001	0.001	0.223	0.775
0.137	0.861	0.001	0.001
0.997	0.001	0.001	0.001
0.001	0.001	0.997	0.001
0.001	0.001	0.001	0.997
0.001	0.001	0.001	0.997
0.888	0.001	0.110	0.001
0.001	0.001	0.001	0.997
>ATGCCATTGG	3-ATGCCATTGG	7.962014	-14.664820	0	T:8.0(28.57%),B:705.9(2.60%),P:1e-6	Tpos:1207.7,Tstd:602.3,Bpos:1204.6,Bstd:729.8,StrandBias:-1.4,Multiplicity:1.38
0.724	0.274	0.001	0.001
0.001	0.001	0.001	0.997
0.001	0.001	0.997	0.001
0.001	0.997	0.001	0.001
0.001	0.897	0.001	0.101
0.997	0.001	0.001	0.001
0.001	0.001	0.001	0.997
0.001	0.001	0.101	0.897
0.001	0.001	0.997	0.001
0.001	0.001	0.997	0.001
>CCTGTGTCCC	4-CCTGTGTCCC	11.419819	-12.904191	0	T:6.0(21.43%),B:385.4(1.42%),P:1e-5	Tpos:1100.2,Tstd:644.4,Bpos:1295.0,Bstd:728.4,StrandBias:1.0,Multiplicity:1.00
0.001	0.997	0.001	0.001
0.001	0.862	0.136	0.001
0.001	0.001	0.001	0.997
0.001	0.001	0.997	0.001
0.001	0.094	0.001	0.904
0.001	0.054	0.944	0.001
0.089	0.001	0.001	0.909
0.001	0.914	0.084	0.001
0.001	0.997	0.001	0.001
0.086	0.912	0.001	0.001
>TCATGCAATT	5-TCATGCAATT	9.954668	-11.018266	0	T:5.0(17.86%),B:311.6(1.15%),P:1e-4	Tpos:1117.4,Tstd:270.4,Bpos:1015.0,Bstd:625.0,StrandBias:-10.0,Multiplicity:1.00
0.071	0.001	0.001	0.927
0.001	0.600	0.001	0.398
0.830	0.116	0.007	0.047
0.061	0.105	0.058	0.776
0.001	0.304	0.640	0.055
0.096	0.842	0.061	0.001
0.862	0.073	0.001	0.064
0.805	0.129	0.065	0.001
0.001	0.060	0.001	0.938
0.001	0.001	0.001	0.997
>AACGTCCCGT	6-AACGTCCCGT	11.219387	-10.019895	0	T:4.0(14.29%),B:189.9(0.70%),P:1e-4	Tpos:1175.7,Tstd:530.8,Bpos:1237.0,Bstd:782.5,StrandBias:-0.4,Multiplicity:1.75
0.997	0.001	0.001	0.001
0.997	0.001	0.001	0.001
0.001	0.839	0.001	0.159
0.001	0.188	0.810	0.001
0.001	0.001	0.001	0.997
0.001	0.997	0.001	0.001
0.154	0.844	0.001	0.001
0.150	0.848	0.001	0.001
0.001	0.001	0.839	0.159
0.001	0.001	0.001	0.997
>AGCGAATTTA	7-AGCGAATTTA	8.350283	-8.636987	0	T:7.0(25.00%),B:1201.8(4.44%),P:1e-3	Tpos:1174.6,Tstd:474.5,Bpos:1023.7,Bstd:654.4,StrandBias:2.8,Multiplicity:1.14
0.700	0.100	0.100	0.100
0.100	0.100	0.700	0.100
0.100	0.700	0.100	0.100
0.100	0.100	0.700	0.100
0.700	0.100	0.100	0.100
0.700	0.100	0.100	0.100
0.100	0.100	0.100	0.700
0.100	0.100	0.100	0.700
0.100	0.100	0.100	0.700
0.700	0.100	0.100	0.100
