>ACCAAGATCC	1-ACCAAGATCC	9.180392	-26.926633	0	T:23.0(43.40%),B:2263.5(7.77%),P:1e-11	Tpos:940.2,Tstd:654.9,Bpos:1123.7,Bstd:646.7,StrandBias:0.3,Multiplicity:1.09
0.728	0.270	0.001	0.001
0.001	0.726	0.001	0.272
0.001	0.896	0.001	0.102
0.577	0.193	0.229	0.001
0.918	0.001	0.001	0.080
0.274	0.156	0.569	0.001
0.987	0.011	0.001	0.001
0.011	0.001	0.001	0.987
0.001	0.650	0.001	0.348
0.001	0.997	0.001	0.001
>CCTCCGCTTT	2-CCTCCGCTTT	9.623131	-19.302395	0	T:17.0(32.08%),B:1684.6(5.78%),P:1e-8	Tpos:1326.6,Tstd:696.8,Bpos:1327.7,Bstd:685.6,StrandBias:-0.3,Multiplicity:1.06
0.001	0.997	0.001	0.001
0.001	0.615	0.001	0.383
0.187	0.001	0.001	0.811
0.001	0.997	0.001	0.001
0.001	0.989	0.001	0.009
0.064	0.155	0.780	0.001
0.211	0.725	0.063	0.001
0.001	0.001	0.181	0.817
0.001	0.001	0.056	0.942
0.001	0.001	0.175	0.823
>TAGCTGTACT	3-TAGCTGTACT	10.021647	-16.759092	0	T:12.0(22.64%),B:881.8(3.03%),P:1e-7	Tpos:897.4,Tstd:659.5,Bpos:1025.1,Bstd:640.4,StrandBias:-0.5,Multiplicity:1.42
0.136	0.124	0.066	0.674
0.857	0.001	0.001	0.141
0.001	0.074	0.862	0.063
0.001	0.997	0.001	0.001
0.001	0.001	0.001	0.997
0.001	0.072	0.926	0.001
0.001	0.057	0.001	0.941
0.946	0.052	0.001	0.001
0.001	0.933	0.001	0.065
0.067	0.001	0.001	0.931
>AGATACCAGC	4-AGATACCAGC	10.216672	-16.207370	0	T:10.0(18.87%),B:578.8(1.99%),P:1e-7	Tpos:972.4,Tstd:594.4,Bpos:1104.7,Bstd:640.8,StrandBias:0.0,Multiplicity:1.20
0.997	0.001	0.001	0.001
0.051	0.089	0.859	0.001
0.932	0.001	0.066	0.001
0.039	0.050	0.001	0.910
0.899	0.047	0.053	0.001
0.071	0.776	0.071	0.082
0.001	0.997	0.001	0.001
0.872	0.001	0.126	0.001
0.001	0.076	0.922	0.001
0.001	0.907	0.001	0.091
>CCCATATGAT	5-CCCATATGAT	10.234739	-15.642735	0	T:10.0(18.87%),B:616.0(2.11%),P:1e-6	Tpos:1151.2,Tstd:598.1,Bpos:1016.3,Bstd:614.4,StrandBias:-1.0,Multiplicity:1.20
0.001	0.782	0.108	0.109
0.088	0.809	0.001	0.102
0.001	0.997	0.001	0.001
0.997	0.001	0.001	0.001
0.001	0.001	0.067	0.931
0.835	0.082	0.082	0.001
0.001	0.001	0.085	0.913
0.081	0.086	0.832	0.001
0.997	0.001	0.001	0.001
0.001	0.001	0.001	0.997
>ATTTGTTGCG	6-ATTTGTTGCG	10.385484	-15.230754	0	T:9.0(16.98%),B:485.8(1.67%),P:1e-6	Tpos:1331.7,Tstd:507.2,Bpos:999.8,Bstd:621.8,StrandBias:1.2,Multiplicity:1.11
0.845	0.001	0.153	0.001
0.001	0.001	0.001	0.997
0.001	0.001	0.001	0.997
0.001	0.252	0.001	0.746
0.001	0.001	0.997	0.001
0.001	0.001	0.001	0.997
0.001	0.001	0.001	0.997
0.001	0.001	0.892	0.106
0.001	0.855	0.076	0.068
0.087	0.092	0.820	0.001
>ATACCCGGCG	7-ATACCCGGCG	11.611447	-15.014228	0	T:6.0(11.32%),B:143.2(0.49%),P:1e-6	Tpos:1837.3,Tstd:274.0,Bpos:1688.2,Bstd:530.8,StrandBias:-2.6,Multiplicity:1.17
0.678	0.166	0.155	0.001
0.001	0.001	0.001	0.997
0.839	0.001	0.159	0.001
0.001	0.997	0.001	0.001
0.001	0.997	0.001	0.001
0.001	0.997	0.001	0.001
0.001	0.001	0.997	0.001
0.001	0.001	0.997	0.001
0.001	0.997	0.001	0.001
0.001	0.001	0.997	0.001
>CAACCAGAGT	8-CAACCAGAGT	8.207928	-14.650704	0	T:13.0(24.53%),B:1294.6(4.44%),P:1e-6	Tpos:1152.6,Tstd:636.6,Bpos:1154.3,Bstd:655.8,StrandBias:-0.4,Multiplicity:1.23
0.041	0.688	0.047	0.224
0.582	0.181	0.036	0.201
0.697	0.163	0.092	0.048
0.059	0.543	0.170	0.228
0.077	0.834	0.032	0.057
0.693	0.031	0.021	0.255
0.048	0.198	0.553	0.201
0.671	0.223	0.054	0.052
0.074	0.062	0.641	0.223
0.027	0.176	0.168	0.629
>GACAGWATCA	9-GACAGWATCA	10.101902	-14.629583	0	T:10.0(18.87%),B:688.6(2.36%),P:1e-6	Tpos:967.2,Tstd:555.4,Bpos:1045.8,Bstd:623.0,StrandBias:0.0,Multiplicity:1.00
0.001	0.351	0.647	0.001
0.997	0.001	0.001	0.001
0.114	0.852	0.033	0.001
0.785	0.001	0.001	0.213
0.155	0.001	0.843	0.001
0.574	0.001	0.001	0.424
0.818	0.001	0.033	0.148
0.001	0.001	0.141	0.857
0.001	0.997	0.001	0.001
0.867	0.001	0.001	0.131
>GGATTAAGAA	10-GGATTAAGAA	11.178248	-10.303450	0	T:6.0(11.32%),B:332.8(1.14%),P:1e-4	Tpos:930.4,Tstd:629.1,Bpos:1052.7,Bstd:647.9,StrandBias:10.0,Multiplicity:1.33
0.001	0.001	0.997	0.001
0.001	0.001	0.997	0.001
0.902	0.096	0.001	0.001
0.001	0.001	0.001	0.997
0.001	0.104	0.001	0.894
0.997	0.001	0.001	0.001
0.892	0.001	0.001	0.106
0.054	0.001	0.944	0.001
0.877	0.001	0.001	0.121
0.997	0.001	0.001	0.001
>GCTGCATGGG	11-GCTGCATGGG	10.296193	-4.210046	0	T:2.0(3.77%),B:100.7(0.35%),P:1e-1	Tpos:1263.4,Tstd:38.3,Bpos:1103.5,Bstd:641.2,StrandBias:-10.0,Multiplicity:3.50
0.100	0.100	0.700	0.100
0.100	0.700	0.100	0.100
0.100	0.100	0.100	0.700
0.100	0.100	0.700	0.100
0.100	0.700	0.100	0.100
0.700	0.100	0.100	0.100
0.100	0.100	0.100	0.700
0.100	0.100	0.700	0.100
0.100	0.100	0.700	0.100
0.100	0.100	0.700	0.100
