>ACCAAGATCC	1-ACCAAGATCC	9.180392	-26.926633	0	T:23.0(43.40%),B:2263.5(7.77%),P:1e-11	Tpos:940.2,Tstd:654.9,Bpos:1123.7,Bstd:646.7,StrandBias:0.3,Multiplicity:1.09
0.728	0.270	0.001	0.001
0.001	0.726	0.001	0.272
0.001	0.896	0.001	0.102
0.577	0.193	0.229	0.001
0.918	0.001	0.001	0.080
0.274	0.156	0.569	0.001
0.987	0.011	0.001	0.001
0.011	0.001	0.001	0.987
0.001	0.650	0.001	0.348
0.001	0.997	0.001	0.001
>CCTCCGCTTT	2-CCTCCGCTTT	9.623131	-19.302395	0	T:17.0(32.08%),B:1684.6(5.78%),P:1e-8	Tpos:1326.6,Tstd:696.8,Bpos:1327.7,Bstd:685.6,StrandBias:-0.3,Multiplicity:1.06
0.001	0.997	0.001	0.001
0.001	0.615	0.001	0.383
0.187	0.001	0.001	0.811
0.001	0.997	0.001	0.001
0.001	0.989	0.001	0.009
0.064	0.155	0.780	0.001
0.211	0.725	0.063	0.001
0.001	0.001	0.181	0.817
0.001	0.001	0.056	0.942
0.001	0.001	0.175	0.823
>TAGCTGTACT	3-TAGCTGTACT	10.021647	-16.759092	0	T:12.0(22.64%),B:881.8(3.03%),P:1e-7	Tpos:897.4,Tstd:659.5,Bpos:1025.1,Bstd:640.4,StrandBias:-0.5,Multiplicity:1.42
0.136	0.124	0.066	0.674
0.857	0.001	0.001	0.141
0.001	0.074	0.862	0.063
0.001	0.997	0.001	0.001
0.001	0.001	0.001	0.997
0.001	0.072	0.926	0.001
0.001	0.057	0.001	0.941
0.946	0.052	0.001	0.001
0.001	0.933	0.001	0.065
0.067	0.001	0.001	0.931
>AGATACCAGC	4-AGATACCAGC	10.216672	-16.207370	0	T:10.0(18.87%),B:578.8(1.99%),P:1e-7	Tpos:972.4,Tstd:594.4,Bpos:1104.7,Bstd:640.8,StrandBias:0.0,Multiplicity:1.20
0.997	0.001	0.001	0.001
0.051	0.089	0.859	0.001
0.932	0.001	0.066	0.001
0.039	0.050	0.001	0.910
0.899	0.047	0.053	0.001
0.071	0.776	0.071	0.082
0.001	0.997	0.001	0.001
0.872	0.001	0.126	0.001
0.001	0.076	0.922	0.001
0.001	0.907	0.001	0.091
>CCCATATGAT	5-CCCATATGAT	10.234739	-15.642735	0	T:10.0(18.87%),B:616.0(2.11%),P:1e-6	Tpos:1151.2,Tstd:598.1,Bpos:1016.3,Bstd:614.4,StrandBias:-1.0,Multiplicity:1.20
0.001	0.782	0.108	0.109
0.088	0.809	0.001	0.102
0.001	0.997	0.001	0.001
0.997	0.001	0.001	0.001
0.001	0.001	0.067	0.931
0.835	0.082	0.082	0.001
0.001	0.001	0.085	0.913
0.081	0.086	0.832	0.001
0.997	0.001	0.001	0.001
0.001	0.001	0.001	0.997
>ATTTGTTGCG	6-ATTTGTTGCG	10.385484	-15.230754	0	T:9.0(16.98%),B:485.8(1.67%),P:1e-6	Tpos:1331.7,Tstd:507.2,Bpos:999.8,Bstd:621.8,StrandBias:1.2,Multiplicity:1.11
0.845	0.001	0.153	0.001
0.001	0.001	0.001	0.997
0.001	0.001	0.001	0.997
0.001	0.252	0.001	0.746
0.001	0.001	0.997	0.001
0.001	0.001	0.001	0.997
0.001	0.001	0.001	0.997
0.001	0.001	0.892	0.106
0.001	0.855	0.076	0.068
0.087	0.092	0.820	0.001
>ATACCCGGCG	7-ATACCCGGCG	11.611447	-15.014228	0	T:6.0(11.32%),B:143.2(0.49%),P:1e-6	Tpos:1837.3,Tstd:274.0,Bpos:1688.2,Bstd:530.8,StrandBias:-2.6,Multiplicity:1.17
0.678	0.166	0.155	0.001
0.001	0.001	0.001	0.997
0.839	0.001	0.159	0.001
0.001	0.997	0.001	0.001
0.001	0.997	0.001	0.001
0.001	0.997	0.001	0.001
0.001	0.001	0.997	0.001
0.001	0.001	0.997	0.001
0.001	0.997	0.001	0.001
0.001	0.001	0.997	0.001
>CAACCAGAGT	8-CAACCAGAGT	8.207928	-14.650704	0	T:13.0(24.53%),B:1294.6(4.44%),P:1e-6	Tpos:1152.6,Tstd:636.6,Bpos:1154.3,Bstd:655.8,StrandBias:-0.4,Multiplicity:1.23
0.041	0.688	0.047	0.224
0.582	0.181	0.036	0.201
0.697	0.163	0.092	0.048
0.059	0.543	0.170	0.228
0.077	0.834	0.032	0.057
0.693	0.031	0.021	0.255
0.048	0.198	0.553	0.201
0.671	0.223	0.054	0.052
0.074	0.062	0.641	0.223
0.027	0.176	0.168	0.629
>GACAGWATCA	9-GACAGWATCA	10.101902	-14.629583	0	T:10.0(18.87%),B:688.6(2.36%),P:1e-6	Tpos:967.2,Tstd:555.4,Bpos:1045.8,Bstd:623.0,StrandBias:0.0,Multiplicity:1.00
0.001	0.351	0.647	0.001
0.997	0.001	0.001	0.001
0.114	0.852	0.033	0.001
0.785	0.001	0.001	0.213
0.155	0.001	0.843	0.001
0.574	0.001	0.001	0.424
0.818	0.001	0.033	0.148
0.001	0.001	0.141	0.857
0.001	0.997	0.001	0.001
0.867	0.001	0.001	0.131
>GGATTAAGAA	10-GGATTAAGAA	11.178248	-10.303450	0	T:6.0(11.32%),B:332.8(1.14%),P:1e-4	Tpos:930.4,Tstd:629.1,Bpos:1052.7,Bstd:647.9,StrandBias:10.0,Multiplicity:1.33
0.001	0.001	0.997	0.001
0.001	0.001	0.997	0.001
0.902	0.096	0.001	0.001
0.001	0.001	0.001	0.997
0.001	0.104	0.001	0.894
0.997	0.001	0.001	0.001
0.892	0.001	0.001	0.106
0.054	0.001	0.944	0.001
0.877	0.001	0.001	0.121
0.997	0.001	0.001	0.001
>GCTGCATGGG	11-GCTGCATGGG	10.296193	-4.210046	0	T:2.0(3.77%),B:100.7(0.35%),P:1e-1	Tpos:1263.4,Tstd:38.3,Bpos:1103.5,Bstd:641.2,StrandBias:-10.0,Multiplicity:3.50
0.100	0.100	0.700	0.100
0.100	0.700	0.100	0.100
0.100	0.100	0.100	0.700
0.100	0.100	0.700	0.100
0.100	0.700	0.100	0.100
0.700	0.100	0.100	0.100
0.100	0.100	0.100	0.700
0.100	0.100	0.700	0.100
0.100	0.100	0.700	0.100
0.100	0.100	0.700	0.100
>TTTGGGAATAAT	1-TTTGGGAATAAT	13.507410	-30.876643	0	T:9.0(16.98%),B:76.1(0.26%),P:1e-13	Tpos:961.3,Tstd:477.5,Bpos:1000.0,Bstd:610.2,StrandBias:-1.8,Multiplicity:1.00
0.001	0.001	0.152	0.846
0.137	0.001	0.001	0.861
0.001	0.001	0.001	0.997
0.001	0.001	0.861	0.137
0.001	0.001	0.997	0.001
0.001	0.001	0.871	0.127
0.997	0.001	0.001	0.001
0.997	0.001	0.001	0.001
0.107	0.001	0.001	0.891
0.997	0.001	0.001	0.001
0.763	0.124	0.001	0.112
0.001	0.001	0.001	0.997
>GTCCTTGCCTAG	2-GTCCTTGCCTAG	11.772147	-25.305107	0	T:9.0(16.98%),B:147.7(0.51%),P:1e-10	Tpos:1386.9,Tstd:724.5,Bpos:1103.8,Bstd:621.8,StrandBias:-1.0,Multiplicity:1.00
0.001	0.001	0.997	0.001
0.001	0.001	0.001	0.997
0.001	0.806	0.192	0.001
0.001	0.870	0.001	0.128
0.001	0.123	0.001	0.875
0.001	0.216	0.001	0.782
0.001	0.001	0.997	0.001
0.001	0.677	0.001	0.321
0.001	0.657	0.341	0.001
0.001	0.001	0.001	0.997
0.703	0.001	0.001	0.295
0.154	0.001	0.844	0.001
>ACACATTGCCCG	3-ACACATTGCCCG	14.132628	-22.407194	0	T:5.0(9.43%),B:14.2(0.05%),P:1e-9	Tpos:1061.8,Tstd:514.7,Bpos:1108.6,Bstd:599.4,StrandBias:-10.0,Multiplicity:1.00
0.833	0.001	0.001	0.165
0.190	0.808	0.001	0.001
0.997	0.001	0.001	0.001
0.001	0.793	0.001	0.205
0.997	0.001	0.001	0.001
0.001	0.001	0.001	0.997
0.001	0.001	0.001	0.997
0.001	0.001	0.793	0.205
0.001	0.997	0.001	0.001
0.001	0.997	0.001	0.001
0.001	0.997	0.001	0.001
0.001	0.001	0.997	0.001
>CCGATTGGCTGC	4-CCGATTGGCTGC	13.365367	-22.378043	0	T:7.0(13.21%),B:78.1(0.27%),P:1e-9	Tpos:1750.4,Tstd:469.9,Bpos:1872.4,Bstd:217.7,StrandBias:-0.4,Multiplicity:1.00
0.001	0.904	0.094	0.001
0.001	0.997	0.001	0.001
0.001	0.001	0.997	0.001
0.864	0.134	0.001	0.001
0.001	0.001	0.001	0.997
0.001	0.200	0.001	0.798
0.001	0.178	0.820	0.001
0.001	0.001	0.997	0.001
0.001	0.997	0.001	0.001
0.001	0.165	0.001	0.833
0.001	0.001	0.997	0.001
0.001	0.874	0.124	0.001
>AAATGGGGAAAC	5-AAATGGGGAAAC	13.959792	-21.970395	0	T:7.0(13.21%),B:83.5(0.29%),P:1e-9	Tpos:962.7,Tstd:424.5,Bpos:927.6,Bstd:554.0,StrandBias:0.4,Multiplicity:1.00
0.997	0.001	0.001	0.001
0.766	0.232	0.001	0.001
0.997	0.001	0.001	0.001
0.001	0.001	0.001	0.997
0.001	0.001	0.997	0.001
0.001	0.001	0.997	0.001
0.001	0.001	0.766	0.232
0.145	0.001	0.853	0.001
0.997	0.001	0.001	0.001
0.997	0.001	0.001	0.001
0.997	0.001	0.001	0.001
0.001	0.829	0.001	0.169
>CTCATCGAATTT	6-CTCATCGAATTT	14.084527	-21.350113	0	T:5.0(9.43%),B:18.5(0.06%),P:1e-9	Tpos:856.0,Tstd:864.4,Bpos:865.3,Bstd:504.9,StrandBias:0.6,Multiplicity:1.00
0.001	0.997	0.001	0.001
0.001	0.001	0.001	0.997
0.001	0.997	0.001	0.001
0.804	0.001	0.001	0.194
0.001	0.001	0.001	0.997
0.001	0.836	0.001	0.162
0.194	0.001	0.804	0.001
0.997	0.001	0.001	0.001
0.997	0.001	0.001	0.001
0.001	0.001	0.001	0.997
0.001	0.001	0.001	0.997
0.001	0.235	0.001	0.763
>AAGAATAATATT	7-AAGAATAATATT	14.081934	-18.973267	0	T:6.0(11.32%),B:71.3(0.24%),P:1e-8	Tpos:921.6,Tstd:477.9,Bpos:885.6,Bstd:603.5,StrandBias:0.4,Multiplicity:1.17
0.815	0.001	0.001	0.183
0.997	0.001	0.001	0.001
0.001	0.168	0.830	0.001
0.835	0.001	0.001	0.163
0.997	0.001	0.001	0.001
0.001	0.001	0.001	0.997
0.997	0.001	0.001	0.001
0.997	0.001	0.001	0.001
0.135	0.001	0.001	0.863
0.997	0.001	0.001	0.001
0.163	0.001	0.001	0.835
0.001	0.001	0.001	0.997
>GTATGGGGCAGG	8-GTATGGGGCAGG	11.276650	-18.812196	0	T:8.0(15.09%),B:215.9(0.74%),P:1e-8	Tpos:1007.0,Tstd:591.7,Bpos:1158.2,Bstd:603.0,StrandBias:1.8,Multiplicity:1.12
0.001	0.005	0.865	0.129
0.001	0.001	0.059	0.939
0.926	0.001	0.072	0.001
0.059	0.001	0.001	0.939
0.001	0.001	0.875	0.123
0.001	0.129	0.716	0.154
0.147	0.147	0.705	0.001
0.001	0.123	0.875	0.001
0.166	0.700	0.133	0.001
0.763	0.166	0.070	0.001
0.001	0.001	0.722	0.276
0.001	0.001	0.997	0.001
>KGCAGCTGTTGC	9-KGCAGCTGTTGC	10.359988	-18.471206	0	T:18.0(33.96%),B:2030.5(6.97%),P:1e-8	Tpos:913.0,Tstd:620.9,Bpos:1356.8,Bstd:686.9,StrandBias:-0.5,Multiplicity:1.17
0.192	0.001	0.471	0.336
0.001	0.005	0.993	0.001
0.110	0.752	0.137	0.001
0.686	0.110	0.056	0.148
0.001	0.001	0.994	0.004
0.106	0.886	0.007	0.001
0.001	0.001	0.047	0.951
0.001	0.001	0.997	0.001
0.137	0.204	0.098	0.561
0.001	0.001	0.001	0.997
0.001	0.084	0.586	0.329
0.001	0.651	0.001	0.347
>TTTTGGCAAAAT	10-TTTTGGCAAAAT	9.709736	-16.768462	0	T:14.0(26.42%),B:1284.6(4.41%),P:1e-7	Tpos:850.9,Tstd:489.3,Bpos:970.1,Bstd:611.7,StrandBias:0.2,Multiplicity:1.21
0.125	0.053	0.001	0.821
0.096	0.278	0.001	0.625
0.002	0.045	0.001	0.952
0.001	0.084	0.116	0.799
0.115	0.001	0.798	0.086
0.049	0.055	0.850	0.046
0.048	0.818	0.051	0.083
0.841	0.110	0.001	0.048
0.744	0.046	0.060	0.150
0.874	0.001	0.001	0.124
0.939	0.058	0.002	0.001
0.049	0.001	0.001	0.949
>GGAGCTAGCAKC	11-GGAGCTAGCAKC	11.911231	-15.812650	0	T:7.0(13.21%),B:211.4(0.73%),P:1e-6	Tpos:1221.2,Tstd:563.7,Bpos:1278.0,Bstd:643.3,StrandBias:0.7,Multiplicity:1.14
0.161	0.001	0.680	0.158
0.134	0.113	0.752	0.001
0.997	0.001	0.001	0.001
0.001	0.001	0.997	0.001
0.127	0.692	0.180	0.001
0.001	0.004	0.001	0.994
0.825	0.001	0.001	0.173
0.001	0.001	0.997	0.001
0.004	0.994	0.001	0.001
0.891	0.001	0.107	0.001
0.001	0.001	0.499	0.499
0.001	0.703	0.295	0.001
>AAGGAGTAGGCG	12-AAGGAGTAGGCG	13.999907	-15.248911	0	T:5.0(9.43%),B:69.1(0.24%),P:1e-6	Tpos:1398.6,Tstd:501.5,Bpos:1390.0,Bstd:578.0,StrandBias:-0.6,Multiplicity:1.00
0.997	0.001	0.001	0.001
0.997	0.001	0.001	0.001
0.001	0.001	0.997	0.001
0.001	0.001	0.997	0.001
0.997	0.001	0.001	0.001
0.001	0.001	0.997	0.001
0.001	0.197	0.125	0.677
0.730	0.001	0.001	0.268
0.001	0.001	0.997	0.001
0.001	0.001	0.997	0.001
0.001	0.997	0.001	0.001
0.001	0.001	0.807	0.191
>GCTGCTGCGGCC	13-GCTGCTGCGGCC	12.376540	-14.827875	0	T:10.0(18.87%),B:673.4(2.31%),P:1e-6	Tpos:1833.0,Tstd:349.3,Bpos:1664.3,Bstd:614.4,StrandBias:1.4,Multiplicity:1.10
0.001	0.001	0.997	0.001
0.001	0.997	0.001	0.001
0.001	0.001	0.001	0.997
0.001	0.173	0.825	0.001
0.001	0.997	0.001	0.001
0.001	0.001	0.168	0.830
0.001	0.321	0.677	0.001
0.001	0.829	0.169	0.001
0.139	0.001	0.678	0.182
0.173	0.161	0.665	0.001
0.001	0.997	0.001	0.001
0.001	0.852	0.001	0.146
>AAACAATCAACA	14-AAACAATCAACA	13.709688	-14.522016	0	T:6.0(11.32%),B:156.7(0.54%),P:1e-6	Tpos:669.5,Tstd:282.5,Bpos:822.1,Bstd:544.6,StrandBias:0.0,Multiplicity:1.00
0.997	0.001	0.001	0.001
0.997	0.001	0.001	0.001
0.997	0.001	0.001	0.001
0.121	0.877	0.001	0.001
0.997	0.001	0.001	0.001
0.997	0.001	0.001	0.001
0.057	0.164	0.001	0.778
0.112	0.715	0.001	0.172
0.997	0.001	0.001	0.001
0.997	0.001	0.001	0.001
0.001	0.997	0.001	0.001
0.816	0.001	0.001	0.182
>AGATGTCGCTGA	15-AGATGTCGCTGA	14.138627	-12.915404	0	T:4.0(7.55%),B:48.6(0.17%),P:1e-5	Tpos:898.8,Tstd:670.7,Bpos:1286.5,Bstd:681.9,StrandBias:10.0,Multiplicity:1.25
0.997	0.001	0.001	0.001
0.001	0.001	0.997	0.001
0.997	0.001	0.001	0.001
0.001	0.001	0.001	0.997
0.001	0.001	0.997	0.001
0.001	0.252	0.001	0.746
0.156	0.675	0.168	0.001
0.168	0.001	0.830	0.001
0.001	0.997	0.001	0.001
0.001	0.001	0.001	0.997
0.001	0.001	0.997	0.001
0.997	0.001	0.001	0.001
>CCCATGCAGCTC	16-CCCATGCAGCTC	12.355432	-4.120949	0	T:1.0(1.89%),B:8.7(0.03%),P:1e-1	Tpos:1260.5,Tstd:39.3,Bpos:1392.2,Bstd:670.5,StrandBias:10.0,Multiplicity:6.00
0.100	0.700	0.100	0.100
0.100	0.700	0.100	0.100
0.100	0.700	0.100	0.100
0.700	0.100	0.100	0.100
0.100	0.100	0.100	0.700
0.100	0.100	0.700	0.100
0.100	0.700	0.100	0.100
0.700	0.100	0.100	0.100
0.100	0.100	0.700	0.100
0.100	0.700	0.100	0.100
0.100	0.100	0.100	0.700
0.100	0.700	0.100	0.100
>CGTAGCCC	1-CGTAGCCC	9.408591	-12.719734	0	T:10.0(18.87%),B:853.2(2.93%),P:1e-5	Tpos:1530.6,Tstd:690.7,Bpos:1565.1,Bstd:589.2,StrandBias:-1.2,Multiplicity:1.00
0.001	0.997	0.001	0.001
0.001	0.001	0.997	0.001
0.001	0.001	0.001	0.997
0.997	0.001	0.001	0.001
0.001	0.001	0.997	0.001
0.001	0.808	0.001	0.190
0.001	0.997	0.001	0.001
0.001	0.997	0.001	0.001
>CATACTGG	2-CATACTGG	8.592384	-11.457693	0	T:13.0(24.53%),B:1732.6(5.95%),P:1e-4	Tpos:1132.3,Tstd:597.5,Bpos:1091.5,Bstd:617.4,StrandBias:2.7,Multiplicity:1.15
0.001	0.997	0.001	0.001
0.997	0.001	0.001	0.001
0.001	0.001	0.001	0.997
0.997	0.001	0.001	0.001
0.001	0.997	0.001	0.001
0.001	0.001	0.001	0.997
0.280	0.084	0.635	0.001
0.001	0.001	0.997	0.001
>AGCWGTAC	3-AGCWGTAC	7.142519	-11.418062	0	T:25.0(47.17%),B:5922.3(20.33%),P:1e-4	Tpos:1151.5,Tstd:635.9,Bpos:1141.2,Bstd:669.1,StrandBias:0.2,Multiplicity:1.32
0.789	0.001	0.001	0.209
0.001	0.001	0.997	0.001
0.001	0.997	0.001	0.001
0.386	0.206	0.001	0.407
0.001	0.001	0.997	0.001
0.001	0.001	0.001	0.997
0.937	0.001	0.001	0.061
0.001	0.997	0.001	0.001
>GGAATAAT	4-GGAATAAT	9.778338	-10.032703	0	T:17.0(32.08%),B:3275.8(11.25%),P:1e-4	Tpos:884.4,Tstd:501.6,Bpos:956.0,Bstd:601.4,StrandBias:0.4,Multiplicity:1.24
0.275	0.065	0.659	0.001
0.001	0.001	0.997	0.001
0.997	0.001	0.001	0.001
0.997	0.001	0.001	0.001
0.001	0.001	0.001	0.997
0.997	0.001	0.001	0.001
0.997	0.001	0.001	0.001
0.001	0.001	0.001	0.997
>ATTTTATA	5-ATTTTATA	10.867206	-7.844364	0	T:15.0(28.30%),B:3168.0(10.88%),P:1e-3	Tpos:810.6,Tstd:587.1,Bpos:931.0,Bstd:590.5,StrandBias:-0.8,Multiplicity:1.27
0.997	0.001	0.001	0.001
0.001	0.001	0.001	0.997
0.001	0.001	0.001	0.997
0.001	0.001	0.001	0.997
0.001	0.001	0.181	0.817
0.997	0.001	0.001	0.001
0.001	0.001	0.001	0.997
0.997	0.001	0.001	0.001
