>TTTGGGAATAAT	1-TTTGGGAATAAT	13.507410	-30.876643	0	T:9.0(16.98%),B:76.1(0.26%),P:1e-13	Tpos:961.3,Tstd:477.5,Bpos:1000.0,Bstd:610.2,StrandBias:-1.8,Multiplicity:1.00
0.001	0.001	0.152	0.846
0.137	0.001	0.001	0.861
0.001	0.001	0.001	0.997
0.001	0.001	0.861	0.137
0.001	0.001	0.997	0.001
0.001	0.001	0.871	0.127
0.997	0.001	0.001	0.001
0.997	0.001	0.001	0.001
0.107	0.001	0.001	0.891
0.997	0.001	0.001	0.001
0.763	0.124	0.001	0.112
0.001	0.001	0.001	0.997
>GTCCTTGCCTAG	2-GTCCTTGCCTAG	11.772147	-25.305107	0	T:9.0(16.98%),B:147.7(0.51%),P:1e-10	Tpos:1386.9,Tstd:724.5,Bpos:1103.8,Bstd:621.8,StrandBias:-1.0,Multiplicity:1.00
0.001	0.001	0.997	0.001
0.001	0.001	0.001	0.997
0.001	0.806	0.192	0.001
0.001	0.870	0.001	0.128
0.001	0.123	0.001	0.875
0.001	0.216	0.001	0.782
0.001	0.001	0.997	0.001
0.001	0.677	0.001	0.321
0.001	0.657	0.341	0.001
0.001	0.001	0.001	0.997
0.703	0.001	0.001	0.295
0.154	0.001	0.844	0.001
>ACACATTGCCCG	3-ACACATTGCCCG	14.132628	-22.407194	0	T:5.0(9.43%),B:14.2(0.05%),P:1e-9	Tpos:1061.8,Tstd:514.7,Bpos:1108.6,Bstd:599.4,StrandBias:-10.0,Multiplicity:1.00
0.833	0.001	0.001	0.165
0.190	0.808	0.001	0.001
0.997	0.001	0.001	0.001
0.001	0.793	0.001	0.205
0.997	0.001	0.001	0.001
0.001	0.001	0.001	0.997
0.001	0.001	0.001	0.997
0.001	0.001	0.793	0.205
0.001	0.997	0.001	0.001
0.001	0.997	0.001	0.001
0.001	0.997	0.001	0.001
0.001	0.001	0.997	0.001
>CCGATTGGCTGC	4-CCGATTGGCTGC	13.365367	-22.378043	0	T:7.0(13.21%),B:78.1(0.27%),P:1e-9	Tpos:1750.4,Tstd:469.9,Bpos:1872.4,Bstd:217.7,StrandBias:-0.4,Multiplicity:1.00
0.001	0.904	0.094	0.001
0.001	0.997	0.001	0.001
0.001	0.001	0.997	0.001
0.864	0.134	0.001	0.001
0.001	0.001	0.001	0.997
0.001	0.200	0.001	0.798
0.001	0.178	0.820	0.001
0.001	0.001	0.997	0.001
0.001	0.997	0.001	0.001
0.001	0.165	0.001	0.833
0.001	0.001	0.997	0.001
0.001	0.874	0.124	0.001
>AAATGGGGAAAC	5-AAATGGGGAAAC	13.959792	-21.970395	0	T:7.0(13.21%),B:83.5(0.29%),P:1e-9	Tpos:962.7,Tstd:424.5,Bpos:927.6,Bstd:554.0,StrandBias:0.4,Multiplicity:1.00
0.997	0.001	0.001	0.001
0.766	0.232	0.001	0.001
0.997	0.001	0.001	0.001
0.001	0.001	0.001	0.997
0.001	0.001	0.997	0.001
0.001	0.001	0.997	0.001
0.001	0.001	0.766	0.232
0.145	0.001	0.853	0.001
0.997	0.001	0.001	0.001
0.997	0.001	0.001	0.001
0.997	0.001	0.001	0.001
0.001	0.829	0.001	0.169
>CTCATCGAATTT	6-CTCATCGAATTT	14.084527	-21.350113	0	T:5.0(9.43%),B:18.5(0.06%),P:1e-9	Tpos:856.0,Tstd:864.4,Bpos:865.3,Bstd:504.9,StrandBias:0.6,Multiplicity:1.00
0.001	0.997	0.001	0.001
0.001	0.001	0.001	0.997
0.001	0.997	0.001	0.001
0.804	0.001	0.001	0.194
0.001	0.001	0.001	0.997
0.001	0.836	0.001	0.162
0.194	0.001	0.804	0.001
0.997	0.001	0.001	0.001
0.997	0.001	0.001	0.001
0.001	0.001	0.001	0.997
0.001	0.001	0.001	0.997
0.001	0.235	0.001	0.763
>AAGAATAATATT	7-AAGAATAATATT	14.081934	-18.973267	0	T:6.0(11.32%),B:71.3(0.24%),P:1e-8	Tpos:921.6,Tstd:477.9,Bpos:885.6,Bstd:603.5,StrandBias:0.4,Multiplicity:1.17
0.815	0.001	0.001	0.183
0.997	0.001	0.001	0.001
0.001	0.168	0.830	0.001
0.835	0.001	0.001	0.163
0.997	0.001	0.001	0.001
0.001	0.001	0.001	0.997
0.997	0.001	0.001	0.001
0.997	0.001	0.001	0.001
0.135	0.001	0.001	0.863
0.997	0.001	0.001	0.001
0.163	0.001	0.001	0.835
0.001	0.001	0.001	0.997
>GTATGGGGCAGG	8-GTATGGGGCAGG	11.276650	-18.812196	0	T:8.0(15.09%),B:215.9(0.74%),P:1e-8	Tpos:1007.0,Tstd:591.7,Bpos:1158.2,Bstd:603.0,StrandBias:1.8,Multiplicity:1.12
0.001	0.005	0.865	0.129
0.001	0.001	0.059	0.939
0.926	0.001	0.072	0.001
0.059	0.001	0.001	0.939
0.001	0.001	0.875	0.123
0.001	0.129	0.716	0.154
0.147	0.147	0.705	0.001
0.001	0.123	0.875	0.001
0.166	0.700	0.133	0.001
0.763	0.166	0.070	0.001
0.001	0.001	0.722	0.276
0.001	0.001	0.997	0.001
>KGCAGCTGTTGC	9-KGCAGCTGTTGC	10.359988	-18.471206	0	T:18.0(33.96%),B:2030.5(6.97%),P:1e-8	Tpos:913.0,Tstd:620.9,Bpos:1356.8,Bstd:686.9,StrandBias:-0.5,Multiplicity:1.17
0.192	0.001	0.471	0.336
0.001	0.005	0.993	0.001
0.110	0.752	0.137	0.001
0.686	0.110	0.056	0.148
0.001	0.001	0.994	0.004
0.106	0.886	0.007	0.001
0.001	0.001	0.047	0.951
0.001	0.001	0.997	0.001
0.137	0.204	0.098	0.561
0.001	0.001	0.001	0.997
0.001	0.084	0.586	0.329
0.001	0.651	0.001	0.347
>TTTTGGCAAAAT	10-TTTTGGCAAAAT	9.709736	-16.768462	0	T:14.0(26.42%),B:1284.6(4.41%),P:1e-7	Tpos:850.9,Tstd:489.3,Bpos:970.1,Bstd:611.7,StrandBias:0.2,Multiplicity:1.21
0.125	0.053	0.001	0.821
0.096	0.278	0.001	0.625
0.002	0.045	0.001	0.952
0.001	0.084	0.116	0.799
0.115	0.001	0.798	0.086
0.049	0.055	0.850	0.046
0.048	0.818	0.051	0.083
0.841	0.110	0.001	0.048
0.744	0.046	0.060	0.150
0.874	0.001	0.001	0.124
0.939	0.058	0.002	0.001
0.049	0.001	0.001	0.949
>GGAGCTAGCAKC	11-GGAGCTAGCAKC	11.911231	-15.812650	0	T:7.0(13.21%),B:211.4(0.73%),P:1e-6	Tpos:1221.2,Tstd:563.7,Bpos:1278.0,Bstd:643.3,StrandBias:0.7,Multiplicity:1.14
0.161	0.001	0.680	0.158
0.134	0.113	0.752	0.001
0.997	0.001	0.001	0.001
0.001	0.001	0.997	0.001
0.127	0.692	0.180	0.001
0.001	0.004	0.001	0.994
0.825	0.001	0.001	0.173
0.001	0.001	0.997	0.001
0.004	0.994	0.001	0.001
0.891	0.001	0.107	0.001
0.001	0.001	0.499	0.499
0.001	0.703	0.295	0.001
>AAGGAGTAGGCG	12-AAGGAGTAGGCG	13.999907	-15.248911	0	T:5.0(9.43%),B:69.1(0.24%),P:1e-6	Tpos:1398.6,Tstd:501.5,Bpos:1390.0,Bstd:578.0,StrandBias:-0.6,Multiplicity:1.00
0.997	0.001	0.001	0.001
0.997	0.001	0.001	0.001
0.001	0.001	0.997	0.001
0.001	0.001	0.997	0.001
0.997	0.001	0.001	0.001
0.001	0.001	0.997	0.001
0.001	0.197	0.125	0.677
0.730	0.001	0.001	0.268
0.001	0.001	0.997	0.001
0.001	0.001	0.997	0.001
0.001	0.997	0.001	0.001
0.001	0.001	0.807	0.191
>GCTGCTGCGGCC	13-GCTGCTGCGGCC	12.376540	-14.827875	0	T:10.0(18.87%),B:673.4(2.31%),P:1e-6	Tpos:1833.0,Tstd:349.3,Bpos:1664.3,Bstd:614.4,StrandBias:1.4,Multiplicity:1.10
0.001	0.001	0.997	0.001
0.001	0.997	0.001	0.001
0.001	0.001	0.001	0.997
0.001	0.173	0.825	0.001
0.001	0.997	0.001	0.001
0.001	0.001	0.168	0.830
0.001	0.321	0.677	0.001
0.001	0.829	0.169	0.001
0.139	0.001	0.678	0.182
0.173	0.161	0.665	0.001
0.001	0.997	0.001	0.001
0.001	0.852	0.001	0.146
>AAACAATCAACA	14-AAACAATCAACA	13.709688	-14.522016	0	T:6.0(11.32%),B:156.7(0.54%),P:1e-6	Tpos:669.5,Tstd:282.5,Bpos:822.1,Bstd:544.6,StrandBias:0.0,Multiplicity:1.00
0.997	0.001	0.001	0.001
0.997	0.001	0.001	0.001
0.997	0.001	0.001	0.001
0.121	0.877	0.001	0.001
0.997	0.001	0.001	0.001
0.997	0.001	0.001	0.001
0.057	0.164	0.001	0.778
0.112	0.715	0.001	0.172
0.997	0.001	0.001	0.001
0.997	0.001	0.001	0.001
0.001	0.997	0.001	0.001
0.816	0.001	0.001	0.182
>AGATGTCGCTGA	15-AGATGTCGCTGA	14.138627	-12.915404	0	T:4.0(7.55%),B:48.6(0.17%),P:1e-5	Tpos:898.8,Tstd:670.7,Bpos:1286.5,Bstd:681.9,StrandBias:10.0,Multiplicity:1.25
0.997	0.001	0.001	0.001
0.001	0.001	0.997	0.001
0.997	0.001	0.001	0.001
0.001	0.001	0.001	0.997
0.001	0.001	0.997	0.001
0.001	0.252	0.001	0.746
0.156	0.675	0.168	0.001
0.168	0.001	0.830	0.001
0.001	0.997	0.001	0.001
0.001	0.001	0.001	0.997
0.001	0.001	0.997	0.001
0.997	0.001	0.001	0.001
>CCCATGCAGCTC	16-CCCATGCAGCTC	12.355432	-4.120949	0	T:1.0(1.89%),B:8.7(0.03%),P:1e-1	Tpos:1260.5,Tstd:39.3,Bpos:1392.2,Bstd:670.5,StrandBias:10.0,Multiplicity:6.00
0.100	0.700	0.100	0.100
0.100	0.700	0.100	0.100
0.100	0.700	0.100	0.100
0.700	0.100	0.100	0.100
0.100	0.100	0.100	0.700
0.100	0.100	0.700	0.100
0.100	0.700	0.100	0.100
0.700	0.100	0.100	0.100
0.100	0.100	0.700	0.100
0.100	0.700	0.100	0.100
0.100	0.100	0.100	0.700
0.100	0.700	0.100	0.100
