>TAAGTGGACC	1-TAAGTGGACC	11.594802	-22.664211	0	T:7.0(4.73%),B:46.5(0.09%),P:1e-9	Tpos:108.1,Tstd:50.6,Bpos:86.5,Bstd:52.7,StrandBias:0.4,Multiplicity:1.00
0.001	0.001	0.001	0.997
0.997	0.001	0.001	0.001
0.997	0.001	0.001	0.001
0.001	0.001	0.997	0.001
0.001	0.001	0.154	0.844
0.001	0.001	0.997	0.001
0.001	0.001	0.997	0.001
0.824	0.001	0.174	0.001
0.165	0.833	0.001	0.001
0.001	0.997	0.001	0.001
>TTCCCATGCT	2-TTCCCATGCT	9.064985	-21.130625	0	T:13.0(8.78%),B:423.0(0.86%),P:1e-9	Tpos:105.9,Tstd:58.9,Bpos:94.8,Bstd:58.6,StrandBias:-0.8,Multiplicity:1.08
0.001	0.001	0.001	0.997
0.001	0.001	0.001	0.997
0.001	0.997	0.001	0.001
0.001	0.997	0.001	0.001
0.053	0.782	0.164	0.001
0.997	0.001	0.001	0.001
0.090	0.001	0.001	0.908
0.001	0.079	0.829	0.091
0.127	0.758	0.114	0.001
0.092	0.092	0.001	0.815
>AGGGATGTAT	3-AGGGATGTAT	8.960945	-20.238539	0	T:10.0(6.76%),B:218.1(0.44%),P:1e-8	Tpos:94.5,Tstd:50.2,Bpos:94.0,Bstd:55.0,StrandBias:0.6,Multiplicity:1.00
0.997	0.001	0.001	0.001
0.001	0.001	0.876	0.122
0.001	0.001	0.876	0.122
0.001	0.001	0.997	0.001
0.997	0.001	0.001	0.001
0.001	0.001	0.001	0.997
0.136	0.001	0.762	0.101
0.108	0.101	0.001	0.790
0.842	0.001	0.075	0.082
0.001	0.001	0.001	0.997
>TGCTTACAAC	4-TGCTTACAAC	8.199828	-20.188270	0	T:16.0(10.81%),B:765.9(1.55%),P:1e-8	Tpos:113.1,Tstd:61.6,Bpos:99.3,Bstd:57.6,StrandBias:0.7,Multiplicity:1.00
0.001	0.099	0.086	0.814
0.087	0.169	0.579	0.165
0.167	0.827	0.005	0.001
0.066	0.139	0.001	0.794
0.075	0.048	0.001	0.876
0.869	0.001	0.049	0.081
0.171	0.761	0.067	0.001
0.596	0.402	0.001	0.001
0.997	0.001	0.001	0.001
0.001	0.918	0.001	0.080
>GTGAACCGTT	5-GTGAACCGTT	10.296193	-19.248980	0	T:3.0(2.03%),B:1.6(0.00%),P:1e-8	Tpos:111.0,Tstd:0.0,Bpos:160.0,Bstd:1.8,StrandBias:10.0,Multiplicity:1.00
0.100	0.100	0.700	0.100
0.100	0.100	0.100	0.700
0.100	0.100	0.700	0.100
0.700	0.100	0.100	0.100
0.700	0.100	0.100	0.100
0.100	0.700	0.100	0.100
0.100	0.700	0.100	0.100
0.100	0.100	0.700	0.100
0.100	0.100	0.100	0.700
0.100	0.100	0.100	0.700
>GGGYTTCTGG	6-GGGYTTCTGG	10.901783	-18.977963	0	T:12.0(8.11%),B:412.9(0.83%),P:1e-8	Tpos:115.2,Tstd:44.8,Bpos:98.3,Bstd:55.7,StrandBias:0.5,Multiplicity:1.00
0.001	0.001	0.836	0.162
0.001	0.001	0.997	0.001
0.001	0.001	0.997	0.001
0.001	0.487	0.001	0.511
0.328	0.001	0.001	0.670
0.001	0.001	0.001	0.997
0.001	0.997	0.001	0.001
0.001	0.001	0.001	0.997
0.001	0.001	0.997	0.001
0.001	0.001	0.997	0.001
>GTAATCTCWG	7-GTAATCTCWG	7.394412	-16.911439	0	T:27.0(18.24%),B:2736.9(5.53%),P:1e-7	Tpos:88.8,Tstd:49.8,Bpos:99.5,Bstd:58.0,StrandBias:-1.3,Multiplicity:1.15
0.144	0.047	0.806	0.003
0.167	0.110	0.039	0.684
0.734	0.040	0.225	0.001
0.757	0.043	0.161	0.039
0.212	0.119	0.091	0.578
0.268	0.692	0.039	0.001
0.153	0.001	0.003	0.843
0.001	0.936	0.001	0.062
0.528	0.001	0.063	0.408
0.001	0.080	0.918	0.001
>TTGCTCTGTT	8-TTGCTCTGTT	9.908071	-16.410182	0	T:11.0(7.43%),B:421.3(0.85%),P:1e-7	Tpos:94.4,Tstd:56.0,Bpos:102.4,Bstd:55.4,StrandBias:-0.8,Multiplicity:1.27
0.249	0.078	0.001	0.672
0.001	0.001	0.001	0.997
0.001	0.001	0.997	0.001
0.001	0.997	0.001	0.001
0.001	0.001	0.001	0.997
0.001	0.915	0.083	0.001
0.364	0.001	0.001	0.634
0.001	0.001	0.997	0.001
0.001	0.074	0.001	0.924
0.054	0.001	0.001	0.944
>ATGCTAAGCT	9-ATGCTAAGCT	7.907455	-15.797221	0	T:14.0(9.46%),B:789.4(1.60%),P:1e-6	Tpos:97.2,Tstd:54.0,Bpos:108.2,Bstd:60.1,StrandBias:0.7,Multiplicity:1.00
0.701	0.001	0.232	0.066
0.174	0.163	0.001	0.662
0.001	0.001	0.939	0.059
0.076	0.793	0.130	0.001
0.001	0.056	0.117	0.826
0.939	0.001	0.001	0.059
0.795	0.001	0.063	0.141
0.001	0.081	0.791	0.127
0.060	0.720	0.053	0.167
0.135	0.001	0.001	0.863
>ACGCGCGCGC	10-ACGCGCGCGC	9.556439	-7.952489	0	T:4.0(2.70%),B:109.1(0.22%),P:1e-3	Tpos:138.5,Tstd:37.5,Bpos:100.7,Bstd:47.9,StrandBias:0.0,Multiplicity:1.00
0.635	0.085	0.041	0.239
0.001	0.934	0.064	0.001
0.001	0.079	0.670	0.250
0.172	0.662	0.076	0.090
0.057	0.027	0.780	0.136
0.168	0.824	0.001	0.007
0.022	0.040	0.865	0.073
0.001	0.921	0.077	0.001
0.050	0.060	0.857	0.033
0.044	0.859	0.040	0.057
>TCTTTTCGTT	11-TCTTTTCGTT	8.533714	-7.823419	0	T:12.0(8.11%),B:1245.1(2.52%),P:1e-3	Tpos:87.8,Tstd:39.0,Bpos:98.7,Bstd:62.9,StrandBias:1.0,Multiplicity:1.50
0.066	0.001	0.001	0.932
0.196	0.653	0.115	0.036
0.027	0.001	0.001	0.971
0.001	0.149	0.001	0.849
0.088	0.001	0.001	0.910
0.001	0.105	0.001	0.893
0.070	0.669	0.110	0.151
0.041	0.140	0.697	0.122
0.046	0.063	0.140	0.751
0.001	0.230	0.081	0.688
>TCTATAGATA	12-TCTATAGATA	10.525535	-6.822324	0	T:3.0(2.03%),B:66.3(0.13%),P:1e-2	Tpos:111.2,Tstd:62.0,Bpos:103.3,Bstd:61.0,StrandBias:-1.6,Multiplicity:1.33
0.001	0.001	0.001	0.997
0.329	0.669	0.001	0.001
0.033	0.162	0.001	0.804
0.789	0.171	0.039	0.001
0.001	0.001	0.001	0.997
0.836	0.001	0.132	0.031
0.001	0.001	0.629	0.369
0.997	0.001	0.001	0.001
0.001	0.255	0.131	0.613
0.630	0.001	0.368	0.001
>CWCCTCCTCC	13-CWCCTCCTCC	9.688012	-6.228309	0	T:11.0(7.43%),B:1301.8(2.63%),P:1e-2	Tpos:85.4,Tstd:26.5,Bpos:100.4,Bstd:69.0,StrandBias:-3.0,Multiplicity:1.20
0.001	0.997	0.001	0.001
0.541	0.001	0.036	0.422
0.001	0.940	0.020	0.039
0.046	0.928	0.001	0.025
0.001	0.029	0.001	0.969
0.001	0.957	0.001	0.041
0.001	0.888	0.110	0.001
0.024	0.001	0.063	0.912
0.001	0.915	0.039	0.045
0.001	0.967	0.001	0.031
>AGRAGAAGAA	14-AGRAGAAGAA	10.475076	-3.079305	0	T:7.0(4.73%),B:1087.1(2.20%),P:1e-1	Tpos:146.5,Tstd:40.3,Bpos:104.1,Bstd:74.3,StrandBias:10.0,Multiplicity:1.71
0.967	0.001	0.017	0.015
0.017	0.001	0.933	0.049
0.545	0.001	0.453	0.001
0.971	0.001	0.027	0.001
0.076	0.001	0.805	0.118
0.652	0.016	0.331	0.001
0.899	0.001	0.036	0.064
0.001	0.001	0.997	0.001
0.691	0.001	0.307	0.001
0.965	0.001	0.033	0.001
