>TAAGTGGACC	1-TAAGTGGACC	11.594802	-22.664211	0	T:7.0(4.73%),B:46.5(0.09%),P:1e-9	Tpos:108.1,Tstd:50.6,Bpos:86.5,Bstd:52.7,StrandBias:0.4,Multiplicity:1.00
0.001	0.001	0.001	0.997
0.997	0.001	0.001	0.001
0.997	0.001	0.001	0.001
0.001	0.001	0.997	0.001
0.001	0.001	0.154	0.844
0.001	0.001	0.997	0.001
0.001	0.001	0.997	0.001
0.824	0.001	0.174	0.001
0.165	0.833	0.001	0.001
0.001	0.997	0.001	0.001
>TTCCCATGCT	2-TTCCCATGCT	9.064985	-21.130625	0	T:13.0(8.78%),B:423.0(0.86%),P:1e-9	Tpos:105.9,Tstd:58.9,Bpos:94.8,Bstd:58.6,StrandBias:-0.8,Multiplicity:1.08
0.001	0.001	0.001	0.997
0.001	0.001	0.001	0.997
0.001	0.997	0.001	0.001
0.001	0.997	0.001	0.001
0.053	0.782	0.164	0.001
0.997	0.001	0.001	0.001
0.090	0.001	0.001	0.908
0.001	0.079	0.829	0.091
0.127	0.758	0.114	0.001
0.092	0.092	0.001	0.815
>AGGGATGTAT	3-AGGGATGTAT	8.960945	-20.238539	0	T:10.0(6.76%),B:218.1(0.44%),P:1e-8	Tpos:94.5,Tstd:50.2,Bpos:94.0,Bstd:55.0,StrandBias:0.6,Multiplicity:1.00
0.997	0.001	0.001	0.001
0.001	0.001	0.876	0.122
0.001	0.001	0.876	0.122
0.001	0.001	0.997	0.001
0.997	0.001	0.001	0.001
0.001	0.001	0.001	0.997
0.136	0.001	0.762	0.101
0.108	0.101	0.001	0.790
0.842	0.001	0.075	0.082
0.001	0.001	0.001	0.997
>TGCTTACAAC	4-TGCTTACAAC	8.199828	-20.188270	0	T:16.0(10.81%),B:765.9(1.55%),P:1e-8	Tpos:113.1,Tstd:61.6,Bpos:99.3,Bstd:57.6,StrandBias:0.7,Multiplicity:1.00
0.001	0.099	0.086	0.814
0.087	0.169	0.579	0.165
0.167	0.827	0.005	0.001
0.066	0.139	0.001	0.794
0.075	0.048	0.001	0.876
0.869	0.001	0.049	0.081
0.171	0.761	0.067	0.001
0.596	0.402	0.001	0.001
0.997	0.001	0.001	0.001
0.001	0.918	0.001	0.080
>GTGAACCGTT	5-GTGAACCGTT	10.296193	-19.248980	0	T:3.0(2.03%),B:1.6(0.00%),P:1e-8	Tpos:111.0,Tstd:0.0,Bpos:160.0,Bstd:1.8,StrandBias:10.0,Multiplicity:1.00
0.100	0.100	0.700	0.100
0.100	0.100	0.100	0.700
0.100	0.100	0.700	0.100
0.700	0.100	0.100	0.100
0.700	0.100	0.100	0.100
0.100	0.700	0.100	0.100
0.100	0.700	0.100	0.100
0.100	0.100	0.700	0.100
0.100	0.100	0.100	0.700
0.100	0.100	0.100	0.700
>GGGYTTCTGG	6-GGGYTTCTGG	10.901783	-18.977963	0	T:12.0(8.11%),B:412.9(0.83%),P:1e-8	Tpos:115.2,Tstd:44.8,Bpos:98.3,Bstd:55.7,StrandBias:0.5,Multiplicity:1.00
0.001	0.001	0.836	0.162
0.001	0.001	0.997	0.001
0.001	0.001	0.997	0.001
0.001	0.487	0.001	0.511
0.328	0.001	0.001	0.670
0.001	0.001	0.001	0.997
0.001	0.997	0.001	0.001
0.001	0.001	0.001	0.997
0.001	0.001	0.997	0.001
0.001	0.001	0.997	0.001
>GTAATCTCWG	7-GTAATCTCWG	7.394412	-16.911439	0	T:27.0(18.24%),B:2736.9(5.53%),P:1e-7	Tpos:88.8,Tstd:49.8,Bpos:99.5,Bstd:58.0,StrandBias:-1.3,Multiplicity:1.15
0.144	0.047	0.806	0.003
0.167	0.110	0.039	0.684
0.734	0.040	0.225	0.001
0.757	0.043	0.161	0.039
0.212	0.119	0.091	0.578
0.268	0.692	0.039	0.001
0.153	0.001	0.003	0.843
0.001	0.936	0.001	0.062
0.528	0.001	0.063	0.408
0.001	0.080	0.918	0.001
>TTGCTCTGTT	8-TTGCTCTGTT	9.908071	-16.410182	0	T:11.0(7.43%),B:421.3(0.85%),P:1e-7	Tpos:94.4,Tstd:56.0,Bpos:102.4,Bstd:55.4,StrandBias:-0.8,Multiplicity:1.27
0.249	0.078	0.001	0.672
0.001	0.001	0.001	0.997
0.001	0.001	0.997	0.001
0.001	0.997	0.001	0.001
0.001	0.001	0.001	0.997
0.001	0.915	0.083	0.001
0.364	0.001	0.001	0.634
0.001	0.001	0.997	0.001
0.001	0.074	0.001	0.924
0.054	0.001	0.001	0.944
>ATGCTAAGCT	9-ATGCTAAGCT	7.907455	-15.797221	0	T:14.0(9.46%),B:789.4(1.60%),P:1e-6	Tpos:97.2,Tstd:54.0,Bpos:108.2,Bstd:60.1,StrandBias:0.7,Multiplicity:1.00
0.701	0.001	0.232	0.066
0.174	0.163	0.001	0.662
0.001	0.001	0.939	0.059
0.076	0.793	0.130	0.001
0.001	0.056	0.117	0.826
0.939	0.001	0.001	0.059
0.795	0.001	0.063	0.141
0.001	0.081	0.791	0.127
0.060	0.720	0.053	0.167
0.135	0.001	0.001	0.863
>ACGCGCGCGC	10-ACGCGCGCGC	9.556439	-7.952489	0	T:4.0(2.70%),B:109.1(0.22%),P:1e-3	Tpos:138.5,Tstd:37.5,Bpos:100.7,Bstd:47.9,StrandBias:0.0,Multiplicity:1.00
0.635	0.085	0.041	0.239
0.001	0.934	0.064	0.001
0.001	0.079	0.670	0.250
0.172	0.662	0.076	0.090
0.057	0.027	0.780	0.136
0.168	0.824	0.001	0.007
0.022	0.040	0.865	0.073
0.001	0.921	0.077	0.001
0.050	0.060	0.857	0.033
0.044	0.859	0.040	0.057
>TCTTTTCGTT	11-TCTTTTCGTT	8.533714	-7.823419	0	T:12.0(8.11%),B:1245.1(2.52%),P:1e-3	Tpos:87.8,Tstd:39.0,Bpos:98.7,Bstd:62.9,StrandBias:1.0,Multiplicity:1.50
0.066	0.001	0.001	0.932
0.196	0.653	0.115	0.036
0.027	0.001	0.001	0.971
0.001	0.149	0.001	0.849
0.088	0.001	0.001	0.910
0.001	0.105	0.001	0.893
0.070	0.669	0.110	0.151
0.041	0.140	0.697	0.122
0.046	0.063	0.140	0.751
0.001	0.230	0.081	0.688
>TCTATAGATA	12-TCTATAGATA	10.525535	-6.822324	0	T:3.0(2.03%),B:66.3(0.13%),P:1e-2	Tpos:111.2,Tstd:62.0,Bpos:103.3,Bstd:61.0,StrandBias:-1.6,Multiplicity:1.33
0.001	0.001	0.001	0.997
0.329	0.669	0.001	0.001
0.033	0.162	0.001	0.804
0.789	0.171	0.039	0.001
0.001	0.001	0.001	0.997
0.836	0.001	0.132	0.031
0.001	0.001	0.629	0.369
0.997	0.001	0.001	0.001
0.001	0.255	0.131	0.613
0.630	0.001	0.368	0.001
>CWCCTCCTCC	13-CWCCTCCTCC	9.688012	-6.228309	0	T:11.0(7.43%),B:1301.8(2.63%),P:1e-2	Tpos:85.4,Tstd:26.5,Bpos:100.4,Bstd:69.0,StrandBias:-3.0,Multiplicity:1.20
0.001	0.997	0.001	0.001
0.541	0.001	0.036	0.422
0.001	0.940	0.020	0.039
0.046	0.928	0.001	0.025
0.001	0.029	0.001	0.969
0.001	0.957	0.001	0.041
0.001	0.888	0.110	0.001
0.024	0.001	0.063	0.912
0.001	0.915	0.039	0.045
0.001	0.967	0.001	0.031
>AGRAGAAGAA	14-AGRAGAAGAA	10.475076	-3.079305	0	T:7.0(4.73%),B:1087.1(2.20%),P:1e-1	Tpos:146.5,Tstd:40.3,Bpos:104.1,Bstd:74.3,StrandBias:10.0,Multiplicity:1.71
0.967	0.001	0.017	0.015
0.017	0.001	0.933	0.049
0.545	0.001	0.453	0.001
0.971	0.001	0.027	0.001
0.076	0.001	0.805	0.118
0.652	0.016	0.331	0.001
0.899	0.001	0.036	0.064
0.001	0.001	0.997	0.001
0.691	0.001	0.307	0.001
0.965	0.001	0.033	0.001
>TGAKCAAKGTCT	1-TGAKCAAKGTCT	12.817651	-33.249165	0	T:6.0(4.05%),B:4.2(0.01%),P:1e-14	Tpos:108.2,Tstd:36.5,Bpos:86.4,Bstd:62.3,StrandBias:10.0,Multiplicity:1.00
0.001	0.001	0.001	0.997
0.001	0.001	0.997	0.001
0.997	0.001	0.001	0.001
0.001	0.001	0.538	0.460
0.001	0.997	0.001	0.001
0.997	0.001	0.001	0.001
0.997	0.001	0.001	0.001
0.001	0.001	0.460	0.538
0.001	0.001	0.997	0.001
0.001	0.078	0.001	0.920
0.001	0.997	0.001	0.001
0.001	0.001	0.001	0.997
>ATGCTAAGCTGA	2-ATGCTAAGCTGA	11.189508	-27.430063	0	T:9.0(6.08%),B:69.8(0.14%),P:1e-11	Tpos:113.6,Tstd:58.2,Bpos:101.4,Bstd:56.6,StrandBias:1.0,Multiplicity:1.00
0.834	0.164	0.001	0.001
0.001	0.164	0.001	0.834
0.001	0.001	0.997	0.001
0.001	0.997	0.001	0.001
0.001	0.001	0.001	0.997
0.669	0.001	0.329	0.001
0.997	0.001	0.001	0.001
0.001	0.165	0.689	0.145
0.001	0.669	0.001	0.329
0.145	0.001	0.165	0.689
0.001	0.165	0.669	0.165
0.997	0.001	0.001	0.001
>GGCAGCTGAGTT	3-GGCAGCTGAGTT	11.544348	-25.651938	0	T:10.0(6.76%),B:124.8(0.25%),P:1e-11	Tpos:78.5,Tstd:52.6,Bpos:97.7,Bstd:58.5,StrandBias:0.6,Multiplicity:1.00
0.171	0.001	0.827	0.001
0.001	0.001	0.997	0.001
0.001	0.997	0.001	0.001
0.997	0.001	0.001	0.001
0.001	0.001	0.997	0.001
0.001	0.716	0.282	0.001
0.343	0.001	0.001	0.655
0.001	0.001	0.827	0.171
0.717	0.001	0.110	0.172
0.001	0.171	0.827	0.001
0.001	0.343	0.001	0.655
0.171	0.001	0.001	0.827
>AGTCATTAAGTG	4-AGTCATTAAGTG	12.853263	-24.205732	0	T:5.0(3.38%),B:7.6(0.02%),P:1e-10	Tpos:132.8,Tstd:24.7,Bpos:48.8,Bstd:46.1,StrandBias:2.0,Multiplicity:1.00
0.997	0.001	0.001	0.001
0.001	0.253	0.745	0.001
0.001	0.001	0.001	0.997
0.001	0.997	0.001	0.001
0.997	0.001	0.001	0.001
0.001	0.205	0.001	0.793
0.205	0.001	0.001	0.793
0.997	0.001	0.001	0.001
0.745	0.253	0.001	0.001
0.001	0.001	0.997	0.001
0.001	0.001	0.001	0.997
0.001	0.001	0.997	0.001
>GTGGAGWGWWAA	5-GTGGAGWGWWAA	14.048863	-23.701127	0	T:4.0(2.70%),B:2.1(0.00%),P:1e-10	Tpos:93.8,Tstd:58.5,Bpos:125.3,Bstd:29.3,StrandBias:10.0,Multiplicity:1.00
0.001	0.001	0.997	0.001
0.001	0.001	0.001	0.997
0.001	0.001	0.997	0.001
0.001	0.017	0.981	0.001
0.590	0.001	0.408	0.001
0.001	0.001	0.997	0.001
0.495	0.001	0.001	0.503
0.001	0.001	0.997	0.001
0.409	0.001	0.038	0.552
0.495	0.001	0.001	0.503
0.979	0.019	0.001	0.001
0.997	0.001	0.001	0.001
>CCCTTAGAGAGG	6-CCCTTAGAGAGG	12.533224	-22.429576	0	T:5.0(3.38%),B:10.7(0.02%),P:1e-9	Tpos:119.2,Tstd:14.5,Bpos:111.5,Bstd:56.1,StrandBias:10.0,Multiplicity:1.00
0.001	0.997	0.001	0.001
0.001	0.676	0.001	0.322
0.001	0.720	0.278	0.001
0.001	0.279	0.001	0.719
0.001	0.267	0.054	0.678
0.665	0.001	0.333	0.001
0.001	0.267	0.731	0.001
0.997	0.001	0.001	0.001
0.001	0.385	0.613	0.001
0.997	0.001	0.001	0.001
0.001	0.001	0.997	0.001
0.001	0.385	0.613	0.001
>GACTAGCAGAGG	7-GACTAGCAGAGG	9.386159	-22.305287	0	T:6.0(4.05%),B:25.7(0.05%),P:1e-9	Tpos:124.5,Tstd:53.4,Bpos:89.4,Bstd:63.2,StrandBias:1.0,Multiplicity:1.00
0.001	0.001	0.997	0.001
0.997	0.001	0.001	0.001
0.001	0.997	0.001	0.001
0.006	0.140	0.001	0.853
0.997	0.001	0.001	0.001
0.135	0.001	0.863	0.001
0.001	0.997	0.001	0.001
0.997	0.001	0.001	0.001
0.001	0.001	0.997	0.001
0.997	0.001	0.001	0.001
0.001	0.001	0.997	0.001
0.001	0.141	0.857	0.001
>GCTTCAGAGCTG	8-GCTTCAGAGCTG	12.355432	-22.081593	0	T:4.0(2.70%),B:3.8(0.01%),P:1e-9	Tpos:104.2,Tstd:31.6,Bpos:149.0,Bstd:15.3,StrandBias:10.0,Multiplicity:1.00
0.100	0.100	0.700	0.100
0.100	0.700	0.100	0.100
0.100	0.100	0.100	0.700
0.100	0.100	0.100	0.700
0.100	0.700	0.100	0.100
0.700	0.100	0.100	0.100
0.100	0.100	0.700	0.100
0.700	0.100	0.100	0.100
0.100	0.100	0.700	0.100
0.100	0.700	0.100	0.100
0.100	0.100	0.100	0.700
0.100	0.100	0.700	0.100
>GCAAGBTTTCCA	9-GCAAGBTTTCCA	13.377130	-21.955431	0	T:5.0(3.38%),B:11.1(0.02%),P:1e-9	Tpos:42.8,Tstd:30.6,Bpos:103.4,Bstd:69.8,StrandBias:2.0,Multiplicity:1.00
0.001	0.001	0.727	0.271
0.001	0.997	0.001	0.001
0.997	0.001	0.001	0.001
0.664	0.001	0.001	0.334
0.001	0.001	0.997	0.001
0.001	0.335	0.335	0.329
0.001	0.001	0.001	0.997
0.001	0.001	0.001	0.997
0.001	0.271	0.001	0.727
0.001	0.664	0.001	0.334
0.001	0.997	0.001	0.001
0.997	0.001	0.001	0.001
>ATCTGTGCTTAC	10-ATCTGTGCTTAC	12.614137	-20.482486	0	T:6.0(4.05%),B:34.2(0.07%),P:1e-8	Tpos:115.3,Tstd:74.4,Bpos:97.8,Bstd:52.6,StrandBias:2.3,Multiplicity:1.00
0.791	0.207	0.001	0.001
0.001	0.351	0.001	0.647
0.001	0.791	0.001	0.207
0.001	0.001	0.001	0.997
0.001	0.001	0.997	0.001
0.001	0.001	0.001	0.997
0.001	0.001	0.997	0.001
0.001	0.583	0.415	0.001
0.001	0.001	0.001	0.997
0.001	0.143	0.001	0.855
0.997	0.001	0.001	0.001
0.001	0.997	0.001	0.001
>ACYGASATTWCM	11-ACYGASATTWCM	13.818644	-20.414279	0	T:5.0(3.38%),B:15.0(0.03%),P:1e-8	Tpos:72.2,Tstd:43.3,Bpos:95.9,Bstd:45.2,StrandBias:2.0,Multiplicity:1.00
0.997	0.001	0.001	0.001
0.001	0.997	0.001	0.001
0.001	0.460	0.001	0.538
0.001	0.001	0.997	0.001
0.997	0.001	0.001	0.001
0.001	0.460	0.538	0.001
0.997	0.001	0.001	0.001
0.001	0.001	0.001	0.997
0.001	0.001	0.001	0.997
0.538	0.001	0.001	0.460
0.001	0.997	0.001	0.001
0.538	0.460	0.001	0.001
>GTGGAAGCTGCA	12-GTGGAAGCTGCA	15.374899	-19.315983	0	T:4.0(2.70%),B:6.1(0.01%),P:1e-8	Tpos:27.5,Tstd:35.5,Bpos:88.9,Bstd:57.4,StrandBias:1.6,Multiplicity:1.00
0.001	0.001	0.997	0.001
0.001	0.001	0.001	0.997
0.001	0.001	0.997	0.001
0.001	0.001	0.997	0.001
0.997	0.001	0.001	0.001
0.997	0.001	0.001	0.001
0.293	0.001	0.705	0.001
0.001	0.997	0.001	0.001
0.001	0.001	0.001	0.997
0.001	0.001	0.997	0.001
0.001	0.997	0.001	0.001
0.997	0.001	0.001	0.001
>CAGGGTGGTGAA	13-CAGGGTGGTGAA	14.421598	-19.251949	0	T:3.0(2.03%),B:1.0(0.00%),P:1e-8	Tpos:105.0,Tstd:0.0,Bpos:51.0,Bstd:0.0,StrandBias:10.0,Multiplicity:1.00
0.001	0.997	0.001	0.001
0.752	0.001	0.001	0.246
0.001	0.001	0.752	0.246
0.216	0.001	0.782	0.001
0.001	0.001	0.997	0.001
0.001	0.246	0.001	0.752
0.001	0.001	0.997	0.001
0.001	0.001	0.752	0.246
0.001	0.001	0.246	0.752
0.001	0.216	0.782	0.001
0.752	0.001	0.001	0.246
0.997	0.001	0.001	0.001
>GGGTATCTGGTG	14-GGGTATCTGGTG	13.007202	-19.251949	0	T:3.0(2.03%),B:1.6(0.00%),P:1e-8	Tpos:129.0,Tstd:0.0,Bpos:93.8,Bstd:75.3,StrandBias:10.0,Multiplicity:1.00
0.039	0.001	0.959	0.001
0.040	0.033	0.881	0.046
0.046	0.162	0.755	0.037
0.093	0.258	0.081	0.568
0.758	0.080	0.001	0.161
0.132	0.287	0.074	0.507
0.175	0.654	0.078	0.093
0.079	0.001	0.083	0.837
0.155	0.001	0.753	0.091
0.001	0.001	0.882	0.116
0.089	0.120	0.081	0.710
0.046	0.166	0.739	0.049
>ATGGATGGCAGD	15-ATGGATGGCAGD	12.711020	-19.095549	0	T:6.0(4.05%),B:43.5(0.09%),P:1e-8	Tpos:150.7,Tstd:44.5,Bpos:100.1,Bstd:63.6,StrandBias:1.0,Multiplicity:1.00
0.997	0.001	0.001	0.001
0.001	0.001	0.323	0.675
0.001	0.001	0.997	0.001
0.001	0.001	0.997	0.001
0.997	0.001	0.001	0.001
0.001	0.001	0.244	0.754
0.001	0.001	0.631	0.367
0.001	0.001	0.997	0.001
0.001	0.997	0.001	0.001
0.997	0.001	0.001	0.001
0.001	0.001	0.997	0.001
0.368	0.063	0.245	0.324
>CCATCTTCACAG	16-CCATCTTCACAG	10.966062	-18.800687	0	T:9.0(6.08%),B:186.3(0.38%),P:1e-8	Tpos:130.6,Tstd:47.1,Bpos:96.5,Bstd:58.8,StrandBias:-0.6,Multiplicity:1.11
0.001	0.784	0.127	0.088
0.001	0.896	0.001	0.102
0.997	0.001	0.001	0.001
0.254	0.088	0.097	0.561
0.001	0.691	0.196	0.112
0.001	0.096	0.001	0.902
0.001	0.084	0.239	0.676
0.001	0.997	0.001	0.001
0.769	0.103	0.127	0.001
0.001	0.887	0.111	0.001
0.997	0.001	0.001	0.001
0.001	0.001	0.872	0.126
>TCTATGTATATA	17-TCTATGTATATA	13.609254	-13.887650	0	T:3.0(2.03%),B:6.0(0.01%),P:1e-6	Tpos:80.2,Tstd:33.0,Bpos:120.2,Bstd:88.4,StrandBias:1.6,Multiplicity:1.33
0.001	0.272	0.001	0.726
0.028	0.731	0.001	0.240
0.001	0.001	0.001	0.997
0.825	0.173	0.001	0.001
0.001	0.001	0.001	0.997
0.287	0.165	0.547	0.001
0.001	0.001	0.001	0.997
0.726	0.001	0.272	0.001
0.001	0.240	0.001	0.758
0.997	0.001	0.001	0.001
0.001	0.001	0.001	0.997
0.997	0.001	0.001	0.001
>ACGCGCGCGCGC	18-ACGCGCGCGCGC	10.553897	-10.809742	0	T:6.0(4.05%),B:181.8(0.37%),P:1e-4	Tpos:136.7,Tstd:44.5,Bpos:104.4,Bstd:46.5,StrandBias:0.8,Multiplicity:1.33
0.741	0.208	0.050	0.001
0.001	0.791	0.207	0.001
0.001	0.001	0.758	0.240
0.001	0.747	0.120	0.132
0.001	0.120	0.878	0.001
0.240	0.758	0.001	0.001
0.001	0.120	0.759	0.120
0.001	0.997	0.001	0.001
0.120	0.120	0.759	0.001
0.001	0.878	0.120	0.001
0.046	0.001	0.952	0.001
0.001	0.997	0.001	0.001
>TCTTTTCKTTTC	19-TCTTTTCKTTTC	12.518195	-7.928395	0	T:5.0(3.38%),B:199.4(0.40%),P:1e-3	Tpos:81.0,Tstd:26.4,Bpos:106.3,Bstd:59.3,StrandBias:2.0,Multiplicity:1.00
0.001	0.001	0.001	0.997
0.001	0.997	0.001	0.001
0.126	0.001	0.001	0.872
0.001	0.219	0.001	0.779
0.001	0.001	0.001	0.997
0.001	0.001	0.001	0.997
0.001	0.906	0.001	0.092
0.001	0.001	0.439	0.559
0.001	0.001	0.001	0.997
0.001	0.001	0.001	0.997
0.001	0.001	0.001	0.997
0.001	0.779	0.001	0.219
>GAGGAGGAAGAG	20-GAGGAGGAAGAG	11.632623	-6.301091	0	T:10.0(6.76%),B:1098.4(2.22%),P:1e-2	Tpos:91.4,Tstd:32.8,Bpos:96.5,Bstd:74.0,StrandBias:3.4,Multiplicity:1.70
0.001	0.219	0.779	0.001
0.940	0.001	0.058	0.001
0.027	0.001	0.971	0.001
0.123	0.001	0.875	0.001
0.771	0.001	0.001	0.227
0.001	0.001	0.997	0.001
0.009	0.001	0.989	0.001
0.645	0.001	0.236	0.118
0.462	0.001	0.273	0.264
0.082	0.001	0.916	0.001
0.888	0.001	0.110	0.001
0.001	0.001	0.997	0.001
>GAGRAGRAGRAG	21-GAGRAGRAGRAG	13.977630	-3.934411	0	T:3.0(2.03%),B:189.6(0.38%),P:1e-1	Tpos:119.6,Tstd:45.8,Bpos:104.2,Bstd:76.2,StrandBias:10.0,Multiplicity:3.00
0.387	0.001	0.611	0.001
0.997	0.001	0.001	0.001
0.001	0.001	0.997	0.001
0.554	0.001	0.444	0.001
0.997	0.001	0.001	0.001
0.001	0.066	0.932	0.001
0.463	0.001	0.535	0.001
0.997	0.001	0.001	0.001
0.021	0.001	0.977	0.001
0.463	0.001	0.535	0.001
0.932	0.066	0.001	0.001
0.001	0.001	0.997	0.001
>AAGAAGAAGAAG	22-AAGAAGAAGAAG	12.355432	-2.814910	0	T:2.0(1.35%),B:132.1(0.27%),P:1e-1	Tpos:173.8,Tstd:15.3,Bpos:103.3,Bstd:67.1,StrandBias:10.0,Multiplicity:1.00
0.700	0.100	0.100	0.100
0.700	0.100	0.100	0.100
0.100	0.100	0.700	0.100
0.700	0.100	0.100	0.100
0.700	0.100	0.100	0.100
0.100	0.100	0.700	0.100
0.700	0.100	0.100	0.100
0.700	0.100	0.100	0.100
0.100	0.100	0.700	0.100
0.700	0.100	0.100	0.100
0.700	0.100	0.100	0.100
0.100	0.100	0.700	0.100
>TTCCCA	1-TTCCCA	3.785036	-8.809632	0	T:79.0(53.38%),B:18974.0(38.37%),P:1e-3	Tpos:96.7,Tstd:59.2,Bpos:100.4,Bstd:58.4,StrandBias:-1.0,Multiplicity:1.32
0.001	0.001	0.001	0.997
0.001	0.001	0.001	0.997
0.001	0.997	0.001	0.001
0.001	0.951	0.047	0.001
0.001	0.881	0.117	0.001
0.736	0.262	0.001	0.001
>TAATCA	2-TAATCA	6.177716	-7.859088	0	T:17.0(11.49%),B:2224.1(4.50%),P:1e-3	Tpos:120.2,Tstd:52.3,Bpos:100.3,Bstd:57.0,StrandBias:-1.7,Multiplicity:1.00
0.100	0.100	0.100	0.700
0.700	0.100	0.100	0.100
0.700	0.100	0.100	0.100
0.100	0.100	0.100	0.700
0.100	0.700	0.100	0.100
0.700	0.100	0.100	0.100
>TTGTAA	3-TTGTAA	5.083867	-7.773539	0	T:22.0(14.86%),B:3344.7(6.76%),P:1e-3	Tpos:92.5,Tstd:65.5,Bpos:99.3,Bstd:57.5,StrandBias:-0.1,Multiplicity:1.14
0.001	0.001	0.001	0.997
0.001	0.040	0.001	0.958
0.001	0.001	0.997	0.001
0.001	0.001	0.001	0.997
0.997	0.001	0.001	0.001
0.997	0.001	0.001	0.001
>ACGAAA	4-ACGAAA	6.041135	-6.909366	0	T:19.0(12.84%),B:2871.0(5.81%),P:1e-3	Tpos:72.3,Tstd:51.8,Bpos:101.3,Bstd:59.2,StrandBias:0.3,Multiplicity:1.25
0.599	0.399	0.001	0.001
0.001	0.997	0.001	0.001
0.001	0.001	0.997	0.001
0.997	0.001	0.001	0.001
0.765	0.001	0.001	0.233
0.742	0.001	0.001	0.256
>CGACGA	5-CGACGA	3.966728	-3.408907	0	T:77.0(52.03%),B:21842.7(44.17%),P:1e-1	Tpos:97.5,Tstd:50.7,Bpos:100.0,Bstd:63.2,StrandBias:1.0,Multiplicity:2.01
0.001	0.645	0.353	0.001
0.001	0.001	0.862	0.136
0.997	0.001	0.001	0.001
0.001	0.727	0.271	0.001
0.001	0.001	0.997	0.001
0.997	0.001	0.001	0.001
>TGTTGTAA	1-TGTTGTAA	8.181669	-15.035817	0	T:14.0(9.46%),B:841.1(1.70%),P:1e-6	Tpos:123.6,Tstd:68.4,Bpos:99.2,Bstd:53.2,StrandBias:-1.2,Multiplicity:1.00
0.065	0.001	0.001	0.933
0.001	0.081	0.917	0.001
0.001	0.001	0.001	0.997
0.001	0.001	0.001	0.997
0.001	0.069	0.929	0.001
0.001	0.001	0.001	0.997
0.997	0.001	0.001	0.001
0.997	0.001	0.001	0.001
>AGCAATGC	2-AGCAATGC	8.724058	-12.785209	0	T:8.0(5.41%),B:285.3(0.58%),P:1e-5	Tpos:64.9,Tstd:33.1,Bpos:100.1,Bstd:52.7,StrandBias:1.6,Multiplicity:1.00
0.865	0.133	0.001	0.001
0.001	0.001	0.997	0.001
0.079	0.919	0.001	0.001
0.997	0.001	0.001	0.001
0.997	0.001	0.001	0.001
0.001	0.106	0.001	0.892
0.001	0.001	0.997	0.001
0.001	0.871	0.127	0.001
>TCACAGCA	3-TCACAGCA	9.124412	-12.161026	0	T:13.0(8.78%),B:929.1(1.88%),P:1e-5	Tpos:104.1,Tstd:52.7,Bpos:95.3,Bstd:58.9,StrandBias:-0.7,Multiplicity:1.08
0.001	0.001	0.001	0.997
0.001	0.997	0.001	0.001
0.997	0.001	0.001	0.001
0.001	0.997	0.001	0.001
0.855	0.001	0.143	0.001
0.001	0.001	0.997	0.001
0.001	0.997	0.001	0.001
0.997	0.001	0.001	0.001
>TTCYYMDT	4-TTCYYMDT	5.837191	-6.796356	0	T:57.0(38.51%),B:13196.2(26.68%),P:1e-2	Tpos:104.7,Tstd:60.0,Bpos:101.6,Bstd:58.0,StrandBias:-0.7,Multiplicity:1.08
0.075	0.164	0.263	0.499
0.001	0.001	0.109	0.889
0.001	0.828	0.129	0.042
0.045	0.536	0.001	0.418
0.188	0.334	0.001	0.477
0.453	0.400	0.047	0.099
0.234	0.176	0.244	0.346
0.001	0.001	0.001	0.997
>GGCCCGGC	5-GGCCCGGC	7.665460	-6.406895	0	T:19.0(12.84%),B:2999.3(6.06%),P:1e-2	Tpos:96.1,Tstd:58.5,Bpos:99.3,Bstd:56.0,StrandBias:-0.3,Multiplicity:1.44
0.001	0.001	0.931	0.067
0.001	0.001	0.997	0.001
0.001	0.943	0.001	0.055
0.001	0.997	0.001	0.001
0.029	0.644	0.234	0.093
0.001	0.001	0.902	0.096
0.001	0.001	0.997	0.001
0.031	0.895	0.073	0.001
>GAGGTGGA	6-GAGGTGGA	5.562600	-6.142022	0	T:29.0(19.59%),B:5575.6(11.27%),P:1e-2	Tpos:101.6,Tstd:41.4,Bpos:100.3,Bstd:68.1,StrandBias:2.5,Multiplicity:1.72
0.001	0.001	0.997	0.001
0.997	0.001	0.001	0.001
0.001	0.001	0.997	0.001
0.024	0.001	0.974	0.001
0.406	0.001	0.001	0.592
0.001	0.001	0.714	0.284
0.001	0.001	0.997	0.001
0.997	0.001	0.001	0.001
>CGCGCCCG	7-CGCGCCCG	6.327304	-4.214160	0	T:14.0(9.46%),B:2432.6(4.92%),P:1e-1	Tpos:117.0,Tstd:59.4,Bpos:99.9,Bstd:51.3,StrandBias:0.4,Multiplicity:2.00
0.048	0.896	0.001	0.055
0.026	0.035	0.938	0.001
0.001	0.938	0.001	0.060
0.137	0.001	0.786	0.076
0.001	0.997	0.001	0.001
0.209	0.574	0.172	0.045
0.051	0.905	0.001	0.043
0.001	0.001	0.960	0.038
>CTTCTTCT	8-CTTCTTCT	4.345134	-3.905089	0	T:142.0(95.95%),B:45078.6(91.15%),P:1e-1	Tpos:104.4,Tstd:55.5,Bpos:100.2,Bstd:60.7,StrandBias:-0.3,Multiplicity:2.42
0.100	0.700	0.100	0.100
0.100	0.100	0.100	0.700
0.100	0.100	0.100	0.700
0.100	0.700	0.100	0.100
0.100	0.100	0.100	0.700
0.100	0.100	0.100	0.700
0.100	0.700	0.100	0.100
0.100	0.100	0.100	0.700
>TATATATA	9-TATATATA	6.611377	-2.007388	0	T:5.0(3.38%),B:900.5(1.82%),P:1e0	Tpos:51.9,Tstd:17.0,Bpos:99.7,Bstd:65.7,StrandBias:0.0,Multiplicity:1.00
0.001	0.001	0.001	0.997
0.834	0.164	0.001	0.001
0.001	0.001	0.001	0.997
0.921	0.077	0.001	0.001
0.001	0.001	0.086	0.912
0.997	0.001	0.001	0.001
0.001	0.001	0.001	0.997
0.997	0.001	0.001	0.001
