>TGAKCAAKGTCT	1-TGAKCAAKGTCT	12.817651	-33.249165	0	T:6.0(4.05%),B:4.2(0.01%),P:1e-14	Tpos:108.2,Tstd:36.5,Bpos:86.4,Bstd:62.3,StrandBias:10.0,Multiplicity:1.00
0.001	0.001	0.001	0.997
0.001	0.001	0.997	0.001
0.997	0.001	0.001	0.001
0.001	0.001	0.538	0.460
0.001	0.997	0.001	0.001
0.997	0.001	0.001	0.001
0.997	0.001	0.001	0.001
0.001	0.001	0.460	0.538
0.001	0.001	0.997	0.001
0.001	0.078	0.001	0.920
0.001	0.997	0.001	0.001
0.001	0.001	0.001	0.997
>ATGCTAAGCTGA	2-ATGCTAAGCTGA	11.189508	-27.430063	0	T:9.0(6.08%),B:69.8(0.14%),P:1e-11	Tpos:113.6,Tstd:58.2,Bpos:101.4,Bstd:56.6,StrandBias:1.0,Multiplicity:1.00
0.834	0.164	0.001	0.001
0.001	0.164	0.001	0.834
0.001	0.001	0.997	0.001
0.001	0.997	0.001	0.001
0.001	0.001	0.001	0.997
0.669	0.001	0.329	0.001
0.997	0.001	0.001	0.001
0.001	0.165	0.689	0.145
0.001	0.669	0.001	0.329
0.145	0.001	0.165	0.689
0.001	0.165	0.669	0.165
0.997	0.001	0.001	0.001
>GGCAGCTGAGTT	3-GGCAGCTGAGTT	11.544348	-25.651938	0	T:10.0(6.76%),B:124.8(0.25%),P:1e-11	Tpos:78.5,Tstd:52.6,Bpos:97.7,Bstd:58.5,StrandBias:0.6,Multiplicity:1.00
0.171	0.001	0.827	0.001
0.001	0.001	0.997	0.001
0.001	0.997	0.001	0.001
0.997	0.001	0.001	0.001
0.001	0.001	0.997	0.001
0.001	0.716	0.282	0.001
0.343	0.001	0.001	0.655
0.001	0.001	0.827	0.171
0.717	0.001	0.110	0.172
0.001	0.171	0.827	0.001
0.001	0.343	0.001	0.655
0.171	0.001	0.001	0.827
>AGTCATTAAGTG	4-AGTCATTAAGTG	12.853263	-24.205732	0	T:5.0(3.38%),B:7.6(0.02%),P:1e-10	Tpos:132.8,Tstd:24.7,Bpos:48.8,Bstd:46.1,StrandBias:2.0,Multiplicity:1.00
0.997	0.001	0.001	0.001
0.001	0.253	0.745	0.001
0.001	0.001	0.001	0.997
0.001	0.997	0.001	0.001
0.997	0.001	0.001	0.001
0.001	0.205	0.001	0.793
0.205	0.001	0.001	0.793
0.997	0.001	0.001	0.001
0.745	0.253	0.001	0.001
0.001	0.001	0.997	0.001
0.001	0.001	0.001	0.997
0.001	0.001	0.997	0.001
>GTGGAGWGWWAA	5-GTGGAGWGWWAA	14.048863	-23.701127	0	T:4.0(2.70%),B:2.1(0.00%),P:1e-10	Tpos:93.8,Tstd:58.5,Bpos:125.3,Bstd:29.3,StrandBias:10.0,Multiplicity:1.00
0.001	0.001	0.997	0.001
0.001	0.001	0.001	0.997
0.001	0.001	0.997	0.001
0.001	0.017	0.981	0.001
0.590	0.001	0.408	0.001
0.001	0.001	0.997	0.001
0.495	0.001	0.001	0.503
0.001	0.001	0.997	0.001
0.409	0.001	0.038	0.552
0.495	0.001	0.001	0.503
0.979	0.019	0.001	0.001
0.997	0.001	0.001	0.001
>CCCTTAGAGAGG	6-CCCTTAGAGAGG	12.533224	-22.429576	0	T:5.0(3.38%),B:10.7(0.02%),P:1e-9	Tpos:119.2,Tstd:14.5,Bpos:111.5,Bstd:56.1,StrandBias:10.0,Multiplicity:1.00
0.001	0.997	0.001	0.001
0.001	0.676	0.001	0.322
0.001	0.720	0.278	0.001
0.001	0.279	0.001	0.719
0.001	0.267	0.054	0.678
0.665	0.001	0.333	0.001
0.001	0.267	0.731	0.001
0.997	0.001	0.001	0.001
0.001	0.385	0.613	0.001
0.997	0.001	0.001	0.001
0.001	0.001	0.997	0.001
0.001	0.385	0.613	0.001
>GACTAGCAGAGG	7-GACTAGCAGAGG	9.386159	-22.305287	0	T:6.0(4.05%),B:25.7(0.05%),P:1e-9	Tpos:124.5,Tstd:53.4,Bpos:89.4,Bstd:63.2,StrandBias:1.0,Multiplicity:1.00
0.001	0.001	0.997	0.001
0.997	0.001	0.001	0.001
0.001	0.997	0.001	0.001
0.006	0.140	0.001	0.853
0.997	0.001	0.001	0.001
0.135	0.001	0.863	0.001
0.001	0.997	0.001	0.001
0.997	0.001	0.001	0.001
0.001	0.001	0.997	0.001
0.997	0.001	0.001	0.001
0.001	0.001	0.997	0.001
0.001	0.141	0.857	0.001
>GCTTCAGAGCTG	8-GCTTCAGAGCTG	12.355432	-22.081593	0	T:4.0(2.70%),B:3.8(0.01%),P:1e-9	Tpos:104.2,Tstd:31.6,Bpos:149.0,Bstd:15.3,StrandBias:10.0,Multiplicity:1.00
0.100	0.100	0.700	0.100
0.100	0.700	0.100	0.100
0.100	0.100	0.100	0.700
0.100	0.100	0.100	0.700
0.100	0.700	0.100	0.100
0.700	0.100	0.100	0.100
0.100	0.100	0.700	0.100
0.700	0.100	0.100	0.100
0.100	0.100	0.700	0.100
0.100	0.700	0.100	0.100
0.100	0.100	0.100	0.700
0.100	0.100	0.700	0.100
>GCAAGBTTTCCA	9-GCAAGBTTTCCA	13.377130	-21.955431	0	T:5.0(3.38%),B:11.1(0.02%),P:1e-9	Tpos:42.8,Tstd:30.6,Bpos:103.4,Bstd:69.8,StrandBias:2.0,Multiplicity:1.00
0.001	0.001	0.727	0.271
0.001	0.997	0.001	0.001
0.997	0.001	0.001	0.001
0.664	0.001	0.001	0.334
0.001	0.001	0.997	0.001
0.001	0.335	0.335	0.329
0.001	0.001	0.001	0.997
0.001	0.001	0.001	0.997
0.001	0.271	0.001	0.727
0.001	0.664	0.001	0.334
0.001	0.997	0.001	0.001
0.997	0.001	0.001	0.001
>ATCTGTGCTTAC	10-ATCTGTGCTTAC	12.614137	-20.482486	0	T:6.0(4.05%),B:34.2(0.07%),P:1e-8	Tpos:115.3,Tstd:74.4,Bpos:97.8,Bstd:52.6,StrandBias:2.3,Multiplicity:1.00
0.791	0.207	0.001	0.001
0.001	0.351	0.001	0.647
0.001	0.791	0.001	0.207
0.001	0.001	0.001	0.997
0.001	0.001	0.997	0.001
0.001	0.001	0.001	0.997
0.001	0.001	0.997	0.001
0.001	0.583	0.415	0.001
0.001	0.001	0.001	0.997
0.001	0.143	0.001	0.855
0.997	0.001	0.001	0.001
0.001	0.997	0.001	0.001
>ACYGASATTWCM	11-ACYGASATTWCM	13.818644	-20.414279	0	T:5.0(3.38%),B:15.0(0.03%),P:1e-8	Tpos:72.2,Tstd:43.3,Bpos:95.9,Bstd:45.2,StrandBias:2.0,Multiplicity:1.00
0.997	0.001	0.001	0.001
0.001	0.997	0.001	0.001
0.001	0.460	0.001	0.538
0.001	0.001	0.997	0.001
0.997	0.001	0.001	0.001
0.001	0.460	0.538	0.001
0.997	0.001	0.001	0.001
0.001	0.001	0.001	0.997
0.001	0.001	0.001	0.997
0.538	0.001	0.001	0.460
0.001	0.997	0.001	0.001
0.538	0.460	0.001	0.001
>GTGGAAGCTGCA	12-GTGGAAGCTGCA	15.374899	-19.315983	0	T:4.0(2.70%),B:6.1(0.01%),P:1e-8	Tpos:27.5,Tstd:35.5,Bpos:88.9,Bstd:57.4,StrandBias:1.6,Multiplicity:1.00
0.001	0.001	0.997	0.001
0.001	0.001	0.001	0.997
0.001	0.001	0.997	0.001
0.001	0.001	0.997	0.001
0.997	0.001	0.001	0.001
0.997	0.001	0.001	0.001
0.293	0.001	0.705	0.001
0.001	0.997	0.001	0.001
0.001	0.001	0.001	0.997
0.001	0.001	0.997	0.001
0.001	0.997	0.001	0.001
0.997	0.001	0.001	0.001
>CAGGGTGGTGAA	13-CAGGGTGGTGAA	14.421598	-19.251949	0	T:3.0(2.03%),B:1.0(0.00%),P:1e-8	Tpos:105.0,Tstd:0.0,Bpos:51.0,Bstd:0.0,StrandBias:10.0,Multiplicity:1.00
0.001	0.997	0.001	0.001
0.752	0.001	0.001	0.246
0.001	0.001	0.752	0.246
0.216	0.001	0.782	0.001
0.001	0.001	0.997	0.001
0.001	0.246	0.001	0.752
0.001	0.001	0.997	0.001
0.001	0.001	0.752	0.246
0.001	0.001	0.246	0.752
0.001	0.216	0.782	0.001
0.752	0.001	0.001	0.246
0.997	0.001	0.001	0.001
>GGGTATCTGGTG	14-GGGTATCTGGTG	13.007202	-19.251949	0	T:3.0(2.03%),B:1.6(0.00%),P:1e-8	Tpos:129.0,Tstd:0.0,Bpos:93.8,Bstd:75.3,StrandBias:10.0,Multiplicity:1.00
0.039	0.001	0.959	0.001
0.040	0.033	0.881	0.046
0.046	0.162	0.755	0.037
0.093	0.258	0.081	0.568
0.758	0.080	0.001	0.161
0.132	0.287	0.074	0.507
0.175	0.654	0.078	0.093
0.079	0.001	0.083	0.837
0.155	0.001	0.753	0.091
0.001	0.001	0.882	0.116
0.089	0.120	0.081	0.710
0.046	0.166	0.739	0.049
>ATGGATGGCAGD	15-ATGGATGGCAGD	12.711020	-19.095549	0	T:6.0(4.05%),B:43.5(0.09%),P:1e-8	Tpos:150.7,Tstd:44.5,Bpos:100.1,Bstd:63.6,StrandBias:1.0,Multiplicity:1.00
0.997	0.001	0.001	0.001
0.001	0.001	0.323	0.675
0.001	0.001	0.997	0.001
0.001	0.001	0.997	0.001
0.997	0.001	0.001	0.001
0.001	0.001	0.244	0.754
0.001	0.001	0.631	0.367
0.001	0.001	0.997	0.001
0.001	0.997	0.001	0.001
0.997	0.001	0.001	0.001
0.001	0.001	0.997	0.001
0.368	0.063	0.245	0.324
>CCATCTTCACAG	16-CCATCTTCACAG	10.966062	-18.800687	0	T:9.0(6.08%),B:186.3(0.38%),P:1e-8	Tpos:130.6,Tstd:47.1,Bpos:96.5,Bstd:58.8,StrandBias:-0.6,Multiplicity:1.11
0.001	0.784	0.127	0.088
0.001	0.896	0.001	0.102
0.997	0.001	0.001	0.001
0.254	0.088	0.097	0.561
0.001	0.691	0.196	0.112
0.001	0.096	0.001	0.902
0.001	0.084	0.239	0.676
0.001	0.997	0.001	0.001
0.769	0.103	0.127	0.001
0.001	0.887	0.111	0.001
0.997	0.001	0.001	0.001
0.001	0.001	0.872	0.126
>TCTATGTATATA	17-TCTATGTATATA	13.609254	-13.887650	0	T:3.0(2.03%),B:6.0(0.01%),P:1e-6	Tpos:80.2,Tstd:33.0,Bpos:120.2,Bstd:88.4,StrandBias:1.6,Multiplicity:1.33
0.001	0.272	0.001	0.726
0.028	0.731	0.001	0.240
0.001	0.001	0.001	0.997
0.825	0.173	0.001	0.001
0.001	0.001	0.001	0.997
0.287	0.165	0.547	0.001
0.001	0.001	0.001	0.997
0.726	0.001	0.272	0.001
0.001	0.240	0.001	0.758
0.997	0.001	0.001	0.001
0.001	0.001	0.001	0.997
0.997	0.001	0.001	0.001
>ACGCGCGCGCGC	18-ACGCGCGCGCGC	10.553897	-10.809742	0	T:6.0(4.05%),B:181.8(0.37%),P:1e-4	Tpos:136.7,Tstd:44.5,Bpos:104.4,Bstd:46.5,StrandBias:0.8,Multiplicity:1.33
0.741	0.208	0.050	0.001
0.001	0.791	0.207	0.001
0.001	0.001	0.758	0.240
0.001	0.747	0.120	0.132
0.001	0.120	0.878	0.001
0.240	0.758	0.001	0.001
0.001	0.120	0.759	0.120
0.001	0.997	0.001	0.001
0.120	0.120	0.759	0.001
0.001	0.878	0.120	0.001
0.046	0.001	0.952	0.001
0.001	0.997	0.001	0.001
>TCTTTTCKTTTC	19-TCTTTTCKTTTC	12.518195	-7.928395	0	T:5.0(3.38%),B:199.4(0.40%),P:1e-3	Tpos:81.0,Tstd:26.4,Bpos:106.3,Bstd:59.3,StrandBias:2.0,Multiplicity:1.00
0.001	0.001	0.001	0.997
0.001	0.997	0.001	0.001
0.126	0.001	0.001	0.872
0.001	0.219	0.001	0.779
0.001	0.001	0.001	0.997
0.001	0.001	0.001	0.997
0.001	0.906	0.001	0.092
0.001	0.001	0.439	0.559
0.001	0.001	0.001	0.997
0.001	0.001	0.001	0.997
0.001	0.001	0.001	0.997
0.001	0.779	0.001	0.219
>GAGGAGGAAGAG	20-GAGGAGGAAGAG	11.632623	-6.301091	0	T:10.0(6.76%),B:1098.4(2.22%),P:1e-2	Tpos:91.4,Tstd:32.8,Bpos:96.5,Bstd:74.0,StrandBias:3.4,Multiplicity:1.70
0.001	0.219	0.779	0.001
0.940	0.001	0.058	0.001
0.027	0.001	0.971	0.001
0.123	0.001	0.875	0.001
0.771	0.001	0.001	0.227
0.001	0.001	0.997	0.001
0.009	0.001	0.989	0.001
0.645	0.001	0.236	0.118
0.462	0.001	0.273	0.264
0.082	0.001	0.916	0.001
0.888	0.001	0.110	0.001
0.001	0.001	0.997	0.001
>GAGRAGRAGRAG	21-GAGRAGRAGRAG	13.977630	-3.934411	0	T:3.0(2.03%),B:189.6(0.38%),P:1e-1	Tpos:119.6,Tstd:45.8,Bpos:104.2,Bstd:76.2,StrandBias:10.0,Multiplicity:3.00
0.387	0.001	0.611	0.001
0.997	0.001	0.001	0.001
0.001	0.001	0.997	0.001
0.554	0.001	0.444	0.001
0.997	0.001	0.001	0.001
0.001	0.066	0.932	0.001
0.463	0.001	0.535	0.001
0.997	0.001	0.001	0.001
0.021	0.001	0.977	0.001
0.463	0.001	0.535	0.001
0.932	0.066	0.001	0.001
0.001	0.001	0.997	0.001
>AAGAAGAAGAAG	22-AAGAAGAAGAAG	12.355432	-2.814910	0	T:2.0(1.35%),B:132.1(0.27%),P:1e-1	Tpos:173.8,Tstd:15.3,Bpos:103.3,Bstd:67.1,StrandBias:10.0,Multiplicity:1.00
0.700	0.100	0.100	0.100
0.700	0.100	0.100	0.100
0.100	0.100	0.700	0.100
0.700	0.100	0.100	0.100
0.700	0.100	0.100	0.100
0.100	0.100	0.700	0.100
0.700	0.100	0.100	0.100
0.700	0.100	0.100	0.100
0.100	0.100	0.700	0.100
0.700	0.100	0.100	0.100
0.700	0.100	0.100	0.100
0.100	0.100	0.700	0.100
