>RGAAMWCKGC	1-RGAAMWCKGC	9.323383	-22.158661	0	T:26.0(27.66%),B:1959.7(6.54%),P:1e-9	Tpos:533.9,Tstd:345.0,Bpos:650.2,Bstd:379.4,StrandBias:-0.5,Multiplicity:1.12
0.456	0.001	0.542	0.001
0.240	0.001	0.758	0.001
0.945	0.053	0.001	0.001
0.947	0.051	0.001	0.001
0.551	0.447	0.001	0.001
0.387	0.210	0.001	0.403
0.001	0.997	0.001	0.001
0.063	0.001	0.437	0.498
0.001	0.001	0.997	0.001
0.001	0.869	0.001	0.129
>AGTATAGAGG	2-AGTATAGAGG	10.532228	-21.011124	0	T:15.0(15.96%),B:596.7(1.99%),P:1e-9	Tpos:585.4,Tstd:324.0,Bpos:580.4,Bstd:342.9,StrandBias:-0.7,Multiplicity:1.07
0.997	0.001	0.001	0.001
0.116	0.001	0.882	0.001
0.087	0.080	0.075	0.758
0.737	0.081	0.097	0.085
0.001	0.001	0.251	0.747
0.997	0.001	0.001	0.001
0.001	0.001	0.997	0.001
0.997	0.001	0.001	0.001
0.001	0.001	0.997	0.001
0.001	0.001	0.997	0.001
>CTGCCAAACT	3-CTGCCAAACT	10.489086	-19.750587	0	T:14.0(14.89%),B:553.0(1.85%),P:1e-8	Tpos:507.7,Tstd:284.6,Bpos:588.3,Bstd:355.7,StrandBias:1.3,Multiplicity:1.00
0.001	0.801	0.001	0.197
0.001	0.001	0.001	0.997
0.232	0.234	0.533	0.001
0.001	0.997	0.001	0.001
0.001	0.997	0.001	0.001
0.860	0.001	0.001	0.138
0.997	0.001	0.001	0.001
0.803	0.001	0.095	0.101
0.001	0.997	0.001	0.001
0.001	0.001	0.001	0.997
>GTGCATAAGG	4-GTGCATAAGG	10.292707	-19.284980	0	T:11.0(11.70%),B:302.2(1.01%),P:1e-8	Tpos:535.8,Tstd:288.7,Bpos:546.3,Bstd:370.1,StrandBias:0.0,Multiplicity:1.09
0.001	0.089	0.909	0.001
0.001	0.001	0.001	0.997
0.106	0.001	0.892	0.001
0.001	0.997	0.001	0.001
0.925	0.073	0.001	0.001
0.001	0.001	0.035	0.963
0.904	0.001	0.001	0.094
0.783	0.125	0.001	0.091
0.001	0.001	0.997	0.001
0.104	0.105	0.704	0.087
>TACTGCGTGT	5-TACTGCGTGT	10.305485	-18.395192	0	T:9.0(9.57%),B:184.5(0.62%),P:1e-7	Tpos:702.4,Tstd:176.5,Bpos:642.8,Bstd:354.6,StrandBias:1.0,Multiplicity:1.00
0.001	0.001	0.001	0.997
0.929	0.001	0.069	0.001
0.001	0.871	0.127	0.001
0.001	0.001	0.001	0.997
0.001	0.001	0.877	0.121
0.001	0.887	0.057	0.055
0.090	0.001	0.815	0.094
0.001	0.139	0.001	0.859
0.001	0.119	0.879	0.001
0.001	0.001	0.001	0.997
>CTCCTGGAGT	6-CTCCTGGAGT	9.529144	-16.757829	0	T:24.0(25.53%),B:2187.5(7.30%),P:1e-7	Tpos:669.1,Tstd:314.4,Bpos:655.2,Bstd:381.9,StrandBias:-0.1,Multiplicity:1.04
0.001	0.929	0.039	0.031
0.135	0.045	0.001	0.819
0.001	0.962	0.036	0.001
0.001	0.850	0.001	0.148
0.036	0.001	0.001	0.962
0.074	0.001	0.924	0.001
0.001	0.041	0.957	0.001
0.969	0.001	0.029	0.001
0.034	0.033	0.890	0.043
0.001	0.182	0.049	0.768
>TTGGCCAAGT	7-TTGGCCAAGT	9.970221	-16.670163	0	T:13.0(13.83%),B:596.3(1.99%),P:1e-7	Tpos:685.4,Tstd:275.6,Bpos:607.5,Bstd:362.3,StrandBias:-0.3,Multiplicity:1.00
0.001	0.001	0.056	0.942
0.099	0.102	0.001	0.798
0.001	0.001	0.997	0.001
0.001	0.001	0.997	0.001
0.001	0.997	0.001	0.001
0.001	0.916	0.001	0.082
0.997	0.001	0.001	0.001
0.863	0.078	0.058	0.001
0.064	0.001	0.868	0.067
0.160	0.166	0.001	0.673
>GTCTTCTGCT	8-GTCTTCTGCT	9.165916	-15.951551	0	T:22.0(23.40%),B:1935.9(6.46%),P:1e-6	Tpos:650.5,Tstd:390.0,Bpos:637.1,Bstd:376.9,StrandBias:0.6,Multiplicity:1.14
0.001	0.405	0.593	0.001
0.029	0.153	0.001	0.817
0.001	0.911	0.087	0.001
0.001	0.001	0.001	0.997
0.001	0.001	0.001	0.997
0.001	0.934	0.064	0.001
0.001	0.387	0.001	0.611
0.392	0.001	0.606	0.001
0.001	0.997	0.001	0.001
0.001	0.001	0.001	0.997
>AGCBGGCTYT	9-AGCBGGCTYT	7.182563	-15.276075	0	T:22.0(23.40%),B:2013.9(6.72%),P:1e-6	Tpos:692.4,Tstd:334.8,Bpos:712.5,Bstd:385.4,StrandBias:0.1,Multiplicity:1.09
0.521	0.171	0.238	0.070
0.036	0.052	0.670	0.242
0.052	0.851	0.046	0.051
0.125	0.383	0.249	0.243
0.066	0.309	0.474	0.151
0.034	0.241	0.664	0.061
0.278	0.638	0.053	0.031
0.060	0.223	0.055	0.662
0.163	0.340	0.038	0.458
0.062	0.056	0.306	0.576
>TKTGTGTGCA	10-TKTGTGTGCA	9.509396	-14.835185	0	T:21.0(22.34%),B:1892.5(6.32%),P:1e-6	Tpos:460.6,Tstd:288.9,Bpos:513.9,Bstd:338.6,StrandBias:-0.5,Multiplicity:1.29
0.004	0.007	0.055	0.934
0.001	0.114	0.479	0.407
0.001	0.062	0.001	0.936
0.001	0.001	0.584	0.414
0.152	0.001	0.123	0.724
0.001	0.001	0.951	0.047
0.237	0.001	0.012	0.750
0.060	0.001	0.889	0.050
0.003	0.868	0.007	0.122
0.939	0.001	0.059	0.001
>TATCATAGTG	11-TATCATAGTG	10.432274	-14.567322	0	T:8.0(8.51%),B:212.3(0.71%),P:1e-6	Tpos:354.9,Tstd:265.8,Bpos:536.8,Bstd:313.8,StrandBias:-0.3,Multiplicity:1.00
0.079	0.001	0.001	0.919
0.852	0.001	0.083	0.064
0.001	0.001	0.080	0.918
0.001	0.902	0.096	0.001
0.997	0.001	0.001	0.001
0.001	0.001	0.085	0.913
0.920	0.001	0.001	0.078
0.090	0.001	0.908	0.001
0.088	0.001	0.145	0.766
0.001	0.001	0.997	0.001
>CAGGGAGTAG	12-CAGGGAGTAG	9.869615	-13.987375	0	T:13.0(13.83%),B:758.3(2.53%),P:1e-6	Tpos:647.9,Tstd:306.7,Bpos:628.2,Bstd:358.3,StrandBias:-0.4,Multiplicity:1.08
0.054	0.889	0.056	0.001
0.890	0.001	0.068	0.041
0.001	0.001	0.997	0.001
0.046	0.001	0.889	0.064
0.001	0.001	0.927	0.071
0.947	0.001	0.001	0.051
0.057	0.043	0.899	0.001
0.018	0.034	0.044	0.904
0.919	0.059	0.021	0.001
0.057	0.167	0.775	0.001
>ACCCTCTGAC	13-ACCCTCTGAC	7.738840	-12.778792	0	T:24.0(25.53%),B:2728.9(9.11%),P:1e-5	Tpos:638.4,Tstd:293.9,Bpos:659.8,Bstd:371.0,StrandBias:0.8,Multiplicity:1.04
0.647	0.141	0.085	0.127
0.109	0.595	0.165	0.131
0.097	0.741	0.053	0.109
0.042	0.852	0.049	0.057
0.086	0.061	0.077	0.776
0.058	0.828	0.072	0.042
0.167	0.095	0.039	0.699
0.119	0.127	0.657	0.097
0.509	0.193	0.117	0.181
0.078	0.706	0.172	0.044
>VCMGCGCGCG	14-VCMGCGCGCG	9.735049	-10.724307	0	T:13.0(13.83%),B:1030.1(3.44%),P:1e-4	Tpos:884.1,Tstd:190.9,Bpos:859.3,Bstd:308.3,StrandBias:-0.4,Multiplicity:1.00
0.398	0.267	0.334	0.001
0.001	0.594	0.404	0.001
0.473	0.359	0.167	0.001
0.001	0.043	0.938	0.018
0.391	0.594	0.014	0.001
0.118	0.078	0.797	0.007
0.001	0.847	0.003	0.149
0.083	0.002	0.914	0.001
0.087	0.911	0.001	0.001
0.001	0.021	0.686	0.292
