>AAGGCACA	1-AAGGCACA	8.135150	-19.751183	0	T:41.0(43.62%),B:5178.9(17.29%),P:1e-8	Tpos:511.2,Tstd:332.3,Bpos:535.3,Bstd:347.1,StrandBias:-0.8,Multiplicity:1.22
0.892	0.001	0.001	0.106
0.866	0.001	0.132	0.001
0.001	0.001	0.803	0.195
0.001	0.189	0.809	0.001
0.251	0.633	0.046	0.070
0.892	0.001	0.001	0.106
0.239	0.759	0.001	0.001
0.997	0.001	0.001	0.001
>TCATAATG	2-TCATAATG	8.382097	-13.979386	0	T:19.0(20.21%),B:1651.0(5.51%),P:1e-6	Tpos:407.6,Tstd:330.8,Bpos:512.5,Bstd:327.3,StrandBias:-1.3,Multiplicity:1.05
0.001	0.001	0.001	0.997
0.001	0.997	0.001	0.001
0.997	0.001	0.001	0.001
0.001	0.001	0.001	0.997
0.810	0.001	0.001	0.188
0.895	0.001	0.103	0.001
0.001	0.001	0.001	0.997
0.001	0.187	0.811	0.001
>ACCGATCT	3-ACCGATCT	7.085681	-12.099280	0	T:25.0(26.60%),B:3043.4(10.16%),P:1e-5	Tpos:626.5,Tstd:322.1,Bpos:602.7,Bstd:375.5,StrandBias:0.2,Multiplicity:1.12
0.997	0.001	0.001	0.001
0.001	0.916	0.023	0.060
0.055	0.943	0.001	0.001
0.001	0.001	0.832	0.166
0.791	0.207	0.001	0.001
0.001	0.001	0.001	0.997
0.200	0.688	0.111	0.001
0.094	0.001	0.101	0.804
>CACTGTAG	4-CACTGTAG	6.386489	-11.002321	0	T:19.0(20.21%),B:2032.8(6.79%),P:1e-4	Tpos:699.0,Tstd:374.9,Bpos:586.3,Bstd:356.9,StrandBias:-0.6,Multiplicity:1.05
0.001	0.997	0.001	0.001
0.997	0.001	0.001	0.001
0.075	0.923	0.001	0.001
0.001	0.123	0.050	0.826
0.001	0.001	0.997	0.001
0.001	0.001	0.001	0.997
0.997	0.001	0.001	0.001
0.001	0.001	0.997	0.001
>ACCTTCCA	5-ACCTTCCA	8.573895	-10.846330	0	T:29.0(30.85%),B:4161.8(13.89%),P:1e-4	Tpos:426.6,Tstd:290.6,Bpos:582.0,Bstd:367.1,StrandBias:0.3,Multiplicity:1.24
0.997	0.001	0.001	0.001
0.158	0.840	0.001	0.001
0.178	0.820	0.001	0.001
0.001	0.001	0.001	0.997
0.001	0.001	0.001	0.997
0.078	0.802	0.119	0.001
0.001	0.997	0.001	0.001
0.997	0.001	0.001	0.001
