>TTCTGCTGTGGA	1-TTCTGCTGTGGA	13.319834	-23.515693	0	T:8.0(8.51%),B:63.9(0.21%),P:1e-10	Tpos:572.5,Tstd:314.1,Bpos:509.2,Bstd:299.0,StrandBias:-1.6,Multiplicity:1.00
0.001	0.001	0.001	0.997
0.130	0.001	0.001	0.868
0.001	0.997	0.001	0.001
0.001	0.160	0.001	0.838
0.147	0.101	0.751	0.001
0.001	0.886	0.001	0.112
0.001	0.001	0.130	0.868
0.001	0.001	0.997	0.001
0.001	0.001	0.001	0.997
0.001	0.001	0.997	0.001
0.001	0.001	0.997	0.001
0.910	0.001	0.088	0.001
>GGATCCYTAGAA	2-GGATCCYTAGAA	12.582287	-22.848994	0	T:8.0(8.51%),B:69.3(0.23%),P:1e-9	Tpos:523.2,Tstd:255.5,Bpos:674.0,Bstd:324.0,StrandBias:0.0,Multiplicity:1.00
0.023	0.001	0.975	0.001
0.001	0.001	0.997	0.001
0.799	0.199	0.001	0.001
0.001	0.001	0.001	0.997
0.313	0.468	0.218	0.001
0.001	0.997	0.001	0.001
0.001	0.534	0.001	0.464
0.237	0.001	0.001	0.761
0.805	0.001	0.193	0.001
0.001	0.001	0.997	0.001
0.997	0.001	0.001	0.001
0.683	0.001	0.001	0.315
>TGATGTTGCTCT	3-TGATGTTGCTCT	13.862956	-20.184390	0	T:6.0(6.38%),B:31.3(0.10%),P:1e-8	Tpos:584.0,Tstd:170.0,Bpos:615.3,Bstd:304.1,StrandBias:1.0,Multiplicity:1.00
0.001	0.001	0.001	0.997
0.001	0.001	0.997	0.001
0.646	0.155	0.198	0.001
0.170	0.001	0.001	0.828
0.001	0.001	0.855	0.143
0.001	0.001	0.001	0.997
0.001	0.001	0.001	0.997
0.001	0.001	0.837	0.161
0.001	0.997	0.001	0.001
0.001	0.001	0.001	0.997
0.001	0.997	0.001	0.001
0.001	0.001	0.001	0.997
>GCCAGGCAACGT	4-GCCAGGCAACGT	13.740141	-19.920241	0	T:5.0(5.32%),B:13.0(0.04%),P:1e-8	Tpos:589.5,Tstd:197.6,Bpos:567.7,Bstd:221.6,StrandBias:1.0,Multiplicity:1.20
0.001	0.001	0.833	0.165
0.001	0.997	0.001	0.001
0.001	0.997	0.001	0.001
0.810	0.001	0.001	0.188
0.001	0.001	0.997	0.001
0.001	0.188	0.810	0.001
0.001	0.997	0.001	0.001
0.997	0.001	0.001	0.001
0.997	0.001	0.001	0.001
0.001	0.997	0.001	0.001
0.165	0.001	0.833	0.001
0.124	0.001	0.001	0.874
>CCGGCTGCCGGG	5-CCGGCTGCCGGG	13.195027	-19.690924	0	T:10.0(10.64%),B:219.1(0.73%),P:1e-8	Tpos:886.7,Tstd:280.1,Bpos:849.0,Bstd:350.8,StrandBias:0.2,Multiplicity:1.20
0.110	0.733	0.156	0.001
0.001	0.997	0.001	0.001
0.001	0.001	0.997	0.001
0.001	0.084	0.914	0.001
0.001	0.915	0.083	0.001
0.084	0.001	0.001	0.914
0.001	0.001	0.997	0.001
0.001	0.862	0.001	0.136
0.082	0.916	0.001	0.001
0.001	0.001	0.997	0.001
0.097	0.001	0.901	0.001
0.089	0.001	0.909	0.001
>CTCGCCTCACAG	6-CTCGCCTCACAG	13.754451	-19.554559	0	T:7.0(7.45%),B:66.9(0.22%),P:1e-8	Tpos:897.0,Tstd:216.7,Bpos:747.1,Bstd:331.5,StrandBias:-0.4,Multiplicity:1.00
0.001	0.997	0.001	0.001
0.159	0.001	0.001	0.839
0.001	0.866	0.132	0.001
0.001	0.001	0.997	0.001
0.001	0.997	0.001	0.001
0.001	0.997	0.001	0.001
0.001	0.001	0.122	0.876
0.001	0.997	0.001	0.001
0.746	0.120	0.001	0.133
0.001	0.866	0.132	0.001
0.997	0.001	0.001	0.001
0.001	0.001	0.997	0.001
>CAAAGTTATCGA	7-CAAAGTTATCGA	11.333479	-19.271345	0	T:8.0(8.51%),B:112.8(0.38%),P:1e-8	Tpos:532.5,Tstd:306.6,Bpos:560.3,Bstd:344.3,StrandBias:0.0,Multiplicity:1.00
0.182	0.816	0.001	0.001
0.997	0.001	0.001	0.001
0.791	0.001	0.207	0.001
0.997	0.001	0.001	0.001
0.182	0.001	0.816	0.001
0.012	0.001	0.001	0.986
0.001	0.001	0.216	0.782
0.634	0.364	0.001	0.001
0.001	0.001	0.001	0.997
0.390	0.608	0.001	0.001
0.001	0.182	0.816	0.001
0.791	0.001	0.207	0.001
>CTGGGACCCTCC	8-CTGGGACCCTCC	13.227548	-19.101295	0	T:9.0(9.57%),B:169.3(0.57%),P:1e-8	Tpos:758.3,Tstd:377.1,Bpos:689.0,Bstd:340.7,StrandBias:-3.0,Multiplicity:1.00
0.001	0.815	0.001	0.183
0.001	0.001	0.001	0.997
0.001	0.001	0.997	0.001
0.001	0.001	0.888	0.110
0.001	0.001	0.997	0.001
0.915	0.083	0.001	0.001
0.115	0.883	0.001	0.001
0.001	0.997	0.001	0.001
0.001	0.909	0.001	0.089
0.106	0.001	0.108	0.785
0.001	0.997	0.001	0.001
0.001	0.888	0.001	0.110
>GADGTTTRTAGG	9-GADGTTTRTAGG	9.707487	-18.875886	0	T:16.0(17.02%),B:816.7(2.73%),P:1e-8	Tpos:598.3,Tstd:356.3,Bpos:539.9,Bstd:358.3,StrandBias:1.3,Multiplicity:1.06
0.229	0.001	0.674	0.096
0.996	0.001	0.001	0.002
0.270	0.001	0.357	0.372
0.001	0.001	0.767	0.231
0.001	0.090	0.001	0.908
0.001	0.001	0.001	0.997
0.001	0.107	0.001	0.891
0.429	0.179	0.391	0.001
0.237	0.216	0.083	0.463
0.902	0.001	0.001	0.096
0.218	0.001	0.773	0.008
0.082	0.001	0.914	0.003
>AGGTASKCCCTG	10-AGGTASKCCCTG	14.192881	-18.309044	0	T:4.0(4.26%),B:5.0(0.02%),P:1e-7	Tpos:679.0,Tstd:355.9,Bpos:584.3,Bstd:327.5,StrandBias:0.0,Multiplicity:1.00
0.997	0.001	0.001	0.001
0.001	0.001	0.997	0.001
0.384	0.001	0.614	0.001
0.001	0.001	0.001	0.997
0.614	0.384	0.001	0.001
0.001	0.486	0.512	0.001
0.001	0.001	0.512	0.486
0.001	0.997	0.001	0.001
0.001	0.997	0.001	0.001
0.001	0.997	0.001	0.001
0.001	0.001	0.001	0.997
0.001	0.001	0.997	0.001
>CCCGTGACGTCA	11-CCCGTGACGTCA	11.043408	-16.461731	0	T:10.0(10.64%),B:312.9(1.04%),P:1e-7	Tpos:919.2,Tstd:161.9,Bpos:818.4,Bstd:301.3,StrandBias:-0.3,Multiplicity:1.00
0.123	0.821	0.055	0.001
0.001	0.996	0.002	0.001
0.099	0.840	0.058	0.003
0.268	0.115	0.489	0.129
0.179	0.110	0.129	0.582
0.001	0.149	0.849	0.001
0.866	0.001	0.132	0.001
0.001	0.864	0.134	0.001
0.098	0.001	0.900	0.001
0.001	0.001	0.178	0.820
0.001	0.997	0.001	0.001
0.997	0.001	0.001	0.001
>AGACATTTATTC	12-AGACATTTATTC	10.075262	-16.205664	0	T:11.0(11.70%),B:412.9(1.38%),P:1e-7	Tpos:580.5,Tstd:270.9,Bpos:545.7,Bstd:336.9,StrandBias:0.7,Multiplicity:1.18
0.997	0.001	0.001	0.001
0.117	0.010	0.872	0.001
0.821	0.001	0.177	0.001
0.028	0.828	0.143	0.001
0.724	0.131	0.001	0.144
0.016	0.131	0.001	0.852
0.001	0.001	0.001	0.997
0.117	0.001	0.143	0.739
0.867	0.131	0.001	0.001
0.027	0.286	0.163	0.524
0.001	0.131	0.143	0.725
0.016	0.971	0.001	0.012
>GCTGTCTCATCC	13-GCTGTCTCATCC	10.643123	-14.432848	0	T:12.0(12.77%),B:608.0(2.03%),P:1e-6	Tpos:770.7,Tstd:264.8,Bpos:653.1,Bstd:357.9,StrandBias:0.2,Multiplicity:1.08
0.003	0.095	0.618	0.284
0.003	0.881	0.004	0.112
0.154	0.120	0.003	0.723
0.001	0.029	0.969	0.001
0.002	0.001	0.001	0.996
0.175	0.822	0.002	0.001
0.229	0.276	0.001	0.495
0.001	0.896	0.100	0.003
0.879	0.119	0.001	0.001
0.001	0.307	0.001	0.691
0.001	0.997	0.001	0.001
0.001	0.995	0.001	0.003
>TTGTAGGACTGA	14-TTGTAGGACTGA	11.483934	-13.436198	0	T:6.0(6.38%),B:106.5(0.36%),P:1e-5	Tpos:560.0,Tstd:194.8,Bpos:491.1,Bstd:326.5,StrandBias:2.3,Multiplicity:1.00
0.029	0.124	0.001	0.846
0.001	0.001	0.001	0.997
0.001	0.329	0.669	0.001
0.001	0.174	0.004	0.821
0.997	0.001	0.001	0.001
0.163	0.001	0.691	0.145
0.028	0.001	0.970	0.001
0.797	0.001	0.001	0.201
0.001	0.836	0.162	0.001
0.004	0.001	0.001	0.994
0.001	0.277	0.521	0.201
0.822	0.001	0.001	0.176
