>CTCGCSACCCCG	1-CTCGCSACCCCG	12.060952	-24.805844	0	T:9.0(26.47%),B:258.3(0.89%),P:1e-10	Tpos:1687.9,Tstd:399.6,Bpos:1694.7,Bstd:575.2,StrandBias:1.2,Multiplicity:1.11
0.001	0.997	0.001	0.001
0.001	0.001	0.258	0.740
0.001	0.840	0.158	0.001
0.001	0.001	0.997	0.001
0.001	0.997	0.001	0.001
0.001	0.336	0.447	0.217
0.997	0.001	0.001	0.001
0.001	0.658	0.340	0.001
0.001	0.864	0.001	0.134
0.001	0.865	0.133	0.001
0.001	0.845	0.153	0.001
0.001	0.006	0.782	0.211
>TGGTCAAAGTAG	2-TGGTCAAAGTAG	14.148114	-18.952216	0	T:4.0(11.76%),B:15.5(0.05%),P:1e-8	Tpos:1372.2,Tstd:296.1,Bpos:969.7,Bstd:647.4,StrandBias:1.6,Multiplicity:1.00
0.001	0.001	0.001	0.997
0.001	0.001	0.997	0.001
0.001	0.001	0.997	0.001
0.001	0.001	0.001	0.997
0.001	0.997	0.001	0.001
0.997	0.001	0.001	0.001
0.776	0.222	0.001	0.001
0.750	0.001	0.001	0.248
0.001	0.001	0.997	0.001
0.001	0.001	0.162	0.836
0.823	0.001	0.001	0.175
0.001	0.001	0.997	0.001
>AGAAGCCTGTGG	3-AGAAGCCTGTGG	14.240666	-16.231894	0	T:6.0(17.65%),B:187.1(0.64%),P:1e-7	Tpos:1472.0,Tstd:370.0,Bpos:1209.7,Bstd:720.4,StrandBias:-0.4,Multiplicity:1.17
0.997	0.001	0.001	0.001
0.001	0.001	0.997	0.001
0.997	0.001	0.001	0.001
0.806	0.001	0.192	0.001
0.001	0.001	0.997	0.001
0.001	0.803	0.195	0.001
0.001	0.997	0.001	0.001
0.204	0.001	0.001	0.794
0.001	0.001	0.997	0.001
0.001	0.001	0.001	0.997
0.001	0.001	0.997	0.001
0.001	0.001	0.763	0.235
>GTGCCCTTCTTA	4-GTGCCCTTCTTA	10.727208	-12.757232	0	T:7.0(20.59%),B:545.6(1.87%),P:1e-5	Tpos:675.4,Tstd:353.6,Bpos:1092.2,Bstd:732.2,StrandBias:3.0,Multiplicity:1.29
0.001	0.001	0.997	0.001
0.111	0.003	0.235	0.651
0.001	0.001	0.997	0.001
0.001	0.997	0.001	0.001
0.001	0.966	0.001	0.032
0.001	0.966	0.001	0.032
0.155	0.191	0.001	0.653
0.001	0.155	0.001	0.843
0.001	0.664	0.144	0.191
0.001	0.123	0.001	0.875
0.235	0.124	0.144	0.497
0.857	0.111	0.031	0.001
>CTGGTGCTGCTG	5-CTGGTGCTGCTG	10.409522	-11.628813	0	T:9.0(26.47%),B:1233.3(4.23%),P:1e-5	Tpos:1462.3,Tstd:737.7,Bpos:1408.4,Bstd:780.9,StrandBias:-0.3,Multiplicity:1.00
0.100	0.700	0.100	0.100
0.100	0.100	0.100	0.700
0.100	0.100	0.700	0.100
0.100	0.100	0.700	0.100
0.100	0.100	0.100	0.700
0.100	0.100	0.700	0.100
0.100	0.700	0.100	0.100
0.100	0.100	0.100	0.700
0.100	0.100	0.700	0.100
0.100	0.700	0.100	0.100
0.100	0.100	0.100	0.700
0.100	0.100	0.700	0.100
>GGGGAAGGGMGG	6-GGGGAAGGGMGG	12.217519	-11.567492	0	T:10.0(29.41%),B:1593.7(5.47%),P:1e-5	Tpos:1598.3,Tstd:476.6,Bpos:1363.9,Bstd:775.3,StrandBias:-0.8,Multiplicity:1.40
0.140	0.012	0.847	0.001
0.009	0.158	0.832	0.001
0.001	0.001	0.997	0.001
0.001	0.111	0.887	0.001
0.655	0.085	0.081	0.179
0.994	0.001	0.004	0.001
0.001	0.001	0.997	0.001
0.001	0.180	0.818	0.001
0.001	0.001	0.997	0.001
0.483	0.511	0.005	0.001
0.091	0.001	0.791	0.117
0.001	0.001	0.786	0.212
