>TAGCTCGTAT	1-TAGCTCGTAT	8.854182	-20.126122	0	T:10.0(29.41%),B:625.3(2.15%),P:1e-8	Tpos:916.7,Tstd:574.9,Bpos:1050.6,Bstd:575.9,StrandBias:0.0,Multiplicity:1.00
0.001	0.118	0.001	0.880
0.942	0.001	0.001	0.056
0.140	0.031	0.793	0.036
0.040	0.750	0.042	0.168
0.118	0.041	0.001	0.840
0.076	0.731	0.063	0.130
0.144	0.002	0.674	0.180
0.062	0.001	0.067	0.870
0.888	0.089	0.001	0.022
0.240	0.001	0.114	0.645
>ACTGCCGCSA	2-ACTGCCGCSA	8.806989	-17.791974	0	T:14.0(41.18%),B:1991.9(6.83%),P:1e-7	Tpos:1199.5,Tstd:733.4,Bpos:1526.2,Bstd:685.5,StrandBias:0.8,Multiplicity:1.29
0.895	0.103	0.001	0.001
0.115	0.883	0.001	0.001
0.001	0.088	0.070	0.841
0.001	0.001	0.912	0.086
0.100	0.898	0.001	0.001
0.001	0.913	0.085	0.001
0.001	0.001	0.864	0.134
0.001	0.753	0.245	0.001
0.001	0.435	0.563	0.001
0.826	0.001	0.172	0.001
>CTGATGCATC	3-CTGATGCATC	10.548242	-15.415252	0	T:8.0(23.53%),B:551.4(1.89%),P:1e-6	Tpos:987.8,Tstd:580.1,Bpos:1082.5,Bstd:664.5,StrandBias:0.3,Multiplicity:1.12
0.001	0.997	0.001	0.001
0.082	0.001	0.001	0.916
0.001	0.091	0.907	0.001
0.683	0.221	0.001	0.095
0.067	0.001	0.001	0.931
0.001	0.001	0.997	0.001
0.001	0.893	0.001	0.105
0.859	0.070	0.001	0.070
0.001	0.001	0.001	0.997
0.001	0.902	0.001	0.096
>TTGATTGTCC	4-TTGATTGTCC	10.721893	-14.704070	0	T:8.0(23.53%),B:606.8(2.08%),P:1e-6	Tpos:1255.5,Tstd:693.0,Bpos:990.5,Bstd:668.8,StrandBias:0.0,Multiplicity:1.00
0.001	0.001	0.001	0.997
0.001	0.001	0.001	0.997
0.001	0.103	0.895	0.001
0.828	0.170	0.001	0.001
0.001	0.143	0.001	0.855
0.001	0.001	0.001	0.997
0.001	0.197	0.673	0.129
0.001	0.001	0.001	0.997
0.001	0.997	0.001	0.001
0.234	0.537	0.001	0.228
>AAAGCGCGCT	5-AAAGCGCGCT	10.797743	-14.463723	0	T:7.0(20.59%),B:420.3(1.44%),P:1e-6	Tpos:1705.1,Tstd:402.1,Bpos:1574.1,Bstd:719.1,StrandBias:-0.8,Multiplicity:1.29
0.997	0.001	0.001	0.001
0.729	0.103	0.167	0.001
0.888	0.001	0.110	0.001
0.001	0.001	0.997	0.001
0.001	0.997	0.001	0.001
0.001	0.121	0.877	0.001
0.001	0.888	0.110	0.001
0.001	0.001	0.997	0.001
0.001	0.860	0.138	0.001
0.119	0.001	0.001	0.879
>CTCACSGGGC	6-CTCACSGGGC	10.516428	-13.723414	0	T:6.0(17.65%),B:290.2(1.00%),P:1e-5	Tpos:1845.8,Tstd:346.9,Bpos:1495.3,Bstd:718.6,StrandBias:-1.0,Multiplicity:1.00
0.183	0.815	0.001	0.001
0.231	0.001	0.001	0.767
0.001	0.997	0.001	0.001
0.790	0.001	0.100	0.109
0.001	0.733	0.001	0.265
0.001	0.492	0.506	0.001
0.001	0.001	0.945	0.053
0.001	0.103	0.768	0.128
0.001	0.001	0.997	0.001
0.114	0.737	0.148	0.001
>GGRRGGGAGT	7-GGRRGGGAGT	10.498346	-13.193466	0	T:15.0(44.12%),B:3363.7(11.54%),P:1e-5	Tpos:1233.4,Tstd:510.2,Bpos:1198.2,Bstd:736.9,StrandBias:-0.5,Multiplicity:1.20
0.001	0.001	0.997	0.001
0.001	0.001	0.731	0.267
0.425	0.001	0.573	0.001
0.501	0.001	0.497	0.001
0.001	0.001	0.997	0.001
0.230	0.001	0.463	0.306
0.001	0.001	0.997	0.001
0.997	0.001	0.001	0.001
0.001	0.001	0.997	0.001
0.001	0.001	0.001	0.997
