>TAGCTCGTAT	1-TAGCTCGTAT	8.854182	-20.126122	0	T:10.0(29.41%),B:625.3(2.15%),P:1e-8	Tpos:916.7,Tstd:574.9,Bpos:1050.6,Bstd:575.9,StrandBias:0.0,Multiplicity:1.00
0.001	0.118	0.001	0.880
0.942	0.001	0.001	0.056
0.140	0.031	0.793	0.036
0.040	0.750	0.042	0.168
0.118	0.041	0.001	0.840
0.076	0.731	0.063	0.130
0.144	0.002	0.674	0.180
0.062	0.001	0.067	0.870
0.888	0.089	0.001	0.022
0.240	0.001	0.114	0.645
>ACTGCCGCSA	2-ACTGCCGCSA	8.806989	-17.791974	0	T:14.0(41.18%),B:1991.9(6.83%),P:1e-7	Tpos:1199.5,Tstd:733.4,Bpos:1526.2,Bstd:685.5,StrandBias:0.8,Multiplicity:1.29
0.895	0.103	0.001	0.001
0.115	0.883	0.001	0.001
0.001	0.088	0.070	0.841
0.001	0.001	0.912	0.086
0.100	0.898	0.001	0.001
0.001	0.913	0.085	0.001
0.001	0.001	0.864	0.134
0.001	0.753	0.245	0.001
0.001	0.435	0.563	0.001
0.826	0.001	0.172	0.001
>CTGATGCATC	3-CTGATGCATC	10.548242	-15.415252	0	T:8.0(23.53%),B:551.4(1.89%),P:1e-6	Tpos:987.8,Tstd:580.1,Bpos:1082.5,Bstd:664.5,StrandBias:0.3,Multiplicity:1.12
0.001	0.997	0.001	0.001
0.082	0.001	0.001	0.916
0.001	0.091	0.907	0.001
0.683	0.221	0.001	0.095
0.067	0.001	0.001	0.931
0.001	0.001	0.997	0.001
0.001	0.893	0.001	0.105
0.859	0.070	0.001	0.070
0.001	0.001	0.001	0.997
0.001	0.902	0.001	0.096
>TTGATTGTCC	4-TTGATTGTCC	10.721893	-14.704070	0	T:8.0(23.53%),B:606.8(2.08%),P:1e-6	Tpos:1255.5,Tstd:693.0,Bpos:990.5,Bstd:668.8,StrandBias:0.0,Multiplicity:1.00
0.001	0.001	0.001	0.997
0.001	0.001	0.001	0.997
0.001	0.103	0.895	0.001
0.828	0.170	0.001	0.001
0.001	0.143	0.001	0.855
0.001	0.001	0.001	0.997
0.001	0.197	0.673	0.129
0.001	0.001	0.001	0.997
0.001	0.997	0.001	0.001
0.234	0.537	0.001	0.228
>AAAGCGCGCT	5-AAAGCGCGCT	10.797743	-14.463723	0	T:7.0(20.59%),B:420.3(1.44%),P:1e-6	Tpos:1705.1,Tstd:402.1,Bpos:1574.1,Bstd:719.1,StrandBias:-0.8,Multiplicity:1.29
0.997	0.001	0.001	0.001
0.729	0.103	0.167	0.001
0.888	0.001	0.110	0.001
0.001	0.001	0.997	0.001
0.001	0.997	0.001	0.001
0.001	0.121	0.877	0.001
0.001	0.888	0.110	0.001
0.001	0.001	0.997	0.001
0.001	0.860	0.138	0.001
0.119	0.001	0.001	0.879
>CTCACSGGGC	6-CTCACSGGGC	10.516428	-13.723414	0	T:6.0(17.65%),B:290.2(1.00%),P:1e-5	Tpos:1845.8,Tstd:346.9,Bpos:1495.3,Bstd:718.6,StrandBias:-1.0,Multiplicity:1.00
0.183	0.815	0.001	0.001
0.231	0.001	0.001	0.767
0.001	0.997	0.001	0.001
0.790	0.001	0.100	0.109
0.001	0.733	0.001	0.265
0.001	0.492	0.506	0.001
0.001	0.001	0.945	0.053
0.001	0.103	0.768	0.128
0.001	0.001	0.997	0.001
0.114	0.737	0.148	0.001
>GGRRGGGAGT	7-GGRRGGGAGT	10.498346	-13.193466	0	T:15.0(44.12%),B:3363.7(11.54%),P:1e-5	Tpos:1233.4,Tstd:510.2,Bpos:1198.2,Bstd:736.9,StrandBias:-0.5,Multiplicity:1.20
0.001	0.001	0.997	0.001
0.001	0.001	0.731	0.267
0.425	0.001	0.573	0.001
0.501	0.001	0.497	0.001
0.001	0.001	0.997	0.001
0.230	0.001	0.463	0.306
0.001	0.001	0.997	0.001
0.997	0.001	0.001	0.001
0.001	0.001	0.997	0.001
0.001	0.001	0.001	0.997
>CTCGCSACCCCG	1-CTCGCSACCCCG	12.060952	-24.805844	0	T:9.0(26.47%),B:258.3(0.89%),P:1e-10	Tpos:1687.9,Tstd:399.6,Bpos:1694.7,Bstd:575.2,StrandBias:1.2,Multiplicity:1.11
0.001	0.997	0.001	0.001
0.001	0.001	0.258	0.740
0.001	0.840	0.158	0.001
0.001	0.001	0.997	0.001
0.001	0.997	0.001	0.001
0.001	0.336	0.447	0.217
0.997	0.001	0.001	0.001
0.001	0.658	0.340	0.001
0.001	0.864	0.001	0.134
0.001	0.865	0.133	0.001
0.001	0.845	0.153	0.001
0.001	0.006	0.782	0.211
>TGGTCAAAGTAG	2-TGGTCAAAGTAG	14.148114	-18.952216	0	T:4.0(11.76%),B:15.5(0.05%),P:1e-8	Tpos:1372.2,Tstd:296.1,Bpos:969.7,Bstd:647.4,StrandBias:1.6,Multiplicity:1.00
0.001	0.001	0.001	0.997
0.001	0.001	0.997	0.001
0.001	0.001	0.997	0.001
0.001	0.001	0.001	0.997
0.001	0.997	0.001	0.001
0.997	0.001	0.001	0.001
0.776	0.222	0.001	0.001
0.750	0.001	0.001	0.248
0.001	0.001	0.997	0.001
0.001	0.001	0.162	0.836
0.823	0.001	0.001	0.175
0.001	0.001	0.997	0.001
>AGAAGCCTGTGG	3-AGAAGCCTGTGG	14.240666	-16.231894	0	T:6.0(17.65%),B:187.1(0.64%),P:1e-7	Tpos:1472.0,Tstd:370.0,Bpos:1209.7,Bstd:720.4,StrandBias:-0.4,Multiplicity:1.17
0.997	0.001	0.001	0.001
0.001	0.001	0.997	0.001
0.997	0.001	0.001	0.001
0.806	0.001	0.192	0.001
0.001	0.001	0.997	0.001
0.001	0.803	0.195	0.001
0.001	0.997	0.001	0.001
0.204	0.001	0.001	0.794
0.001	0.001	0.997	0.001
0.001	0.001	0.001	0.997
0.001	0.001	0.997	0.001
0.001	0.001	0.763	0.235
>GTGCCCTTCTTA	4-GTGCCCTTCTTA	10.727208	-12.757232	0	T:7.0(20.59%),B:545.6(1.87%),P:1e-5	Tpos:675.4,Tstd:353.6,Bpos:1092.2,Bstd:732.2,StrandBias:3.0,Multiplicity:1.29
0.001	0.001	0.997	0.001
0.111	0.003	0.235	0.651
0.001	0.001	0.997	0.001
0.001	0.997	0.001	0.001
0.001	0.966	0.001	0.032
0.001	0.966	0.001	0.032
0.155	0.191	0.001	0.653
0.001	0.155	0.001	0.843
0.001	0.664	0.144	0.191
0.001	0.123	0.001	0.875
0.235	0.124	0.144	0.497
0.857	0.111	0.031	0.001
>CTGGTGCTGCTG	5-CTGGTGCTGCTG	10.409522	-11.628813	0	T:9.0(26.47%),B:1233.3(4.23%),P:1e-5	Tpos:1462.3,Tstd:737.7,Bpos:1408.4,Bstd:780.9,StrandBias:-0.3,Multiplicity:1.00
0.100	0.700	0.100	0.100
0.100	0.100	0.100	0.700
0.100	0.100	0.700	0.100
0.100	0.100	0.700	0.100
0.100	0.100	0.100	0.700
0.100	0.100	0.700	0.100
0.100	0.700	0.100	0.100
0.100	0.100	0.100	0.700
0.100	0.100	0.700	0.100
0.100	0.700	0.100	0.100
0.100	0.100	0.100	0.700
0.100	0.100	0.700	0.100
>GGGGAAGGGMGG	6-GGGGAAGGGMGG	12.217519	-11.567492	0	T:10.0(29.41%),B:1593.7(5.47%),P:1e-5	Tpos:1598.3,Tstd:476.6,Bpos:1363.9,Bstd:775.3,StrandBias:-0.8,Multiplicity:1.40
0.140	0.012	0.847	0.001
0.009	0.158	0.832	0.001
0.001	0.001	0.997	0.001
0.001	0.111	0.887	0.001
0.655	0.085	0.081	0.179
0.994	0.001	0.004	0.001
0.001	0.001	0.997	0.001
0.001	0.180	0.818	0.001
0.001	0.001	0.997	0.001
0.483	0.511	0.005	0.001
0.091	0.001	0.791	0.117
0.001	0.001	0.786	0.212
>CMCTCGTG	1-CMCTCGTG	8.483202	-17.109100	0	T:20.0(58.82%),B:4874.9(16.72%),P:1e-7	Tpos:1508.6,Tstd:626.2,Bpos:1437.0,Bstd:770.2,StrandBias:-0.4,Multiplicity:1.05
0.001	0.997	0.001	0.001
0.469	0.529	0.001	0.001
0.001	0.997	0.001	0.001
0.001	0.001	0.001	0.997
0.131	0.867	0.001	0.001
0.001	0.001	0.997	0.001
0.071	0.001	0.213	0.715
0.001	0.234	0.764	0.001
>CTCTTAAA	2-CTCTTAAA	8.236954	-11.706613	0	T:12.0(35.29%),B:2363.6(8.11%),P:1e-5	Tpos:1224.5,Tstd:509.8,Bpos:1037.9,Bstd:642.1,StrandBias:0.7,Multiplicity:1.08
0.100	0.700	0.100	0.100
0.100	0.100	0.100	0.700
0.100	0.700	0.100	0.100
0.100	0.100	0.100	0.700
0.100	0.100	0.100	0.700
0.700	0.100	0.100	0.100
0.700	0.100	0.100	0.100
0.700	0.100	0.100	0.100
>TACTAGTT	3-TACTAGTT	8.415707	-10.199355	0	T:10.0(29.41%),B:1867.1(6.41%),P:1e-4	Tpos:1198.6,Tstd:527.5,Bpos:1032.7,Bstd:640.4,StrandBias:-0.5,Multiplicity:1.20
0.001	0.001	0.042	0.956
0.834	0.001	0.164	0.001
0.001	0.997	0.001	0.001
0.001	0.001	0.107	0.891
0.997	0.001	0.001	0.001
0.001	0.085	0.913	0.001
0.001	0.001	0.001	0.997
0.105	0.001	0.001	0.893
>CAATTAGC	4-CAATTAGC	10.975012	-8.794524	0	T:6.0(17.65%),B:703.2(2.41%),P:1e-3	Tpos:1452.0,Tstd:398.5,Bpos:1061.7,Bstd:675.5,StrandBias:0.0,Multiplicity:1.00
0.001	0.997	0.001	0.001
0.997	0.001	0.001	0.001
0.997	0.001	0.001	0.001
0.001	0.001	0.001	0.997
0.001	0.001	0.001	0.997
0.997	0.001	0.001	0.001
0.001	0.001	0.997	0.001
0.001	0.910	0.001	0.088
>CCCCGCTA	5-CCCCGCTA	8.236954	-6.814719	0	T:5.0(14.71%),B:678.7(2.33%),P:1e-2	Tpos:1402.7,Tstd:600.5,Bpos:1459.1,Bstd:698.4,StrandBias:-1.0,Multiplicity:1.20
0.100	0.700	0.100	0.100
0.100	0.700	0.100	0.100
0.100	0.700	0.100	0.100
0.100	0.700	0.100	0.100
0.100	0.100	0.700	0.100
0.100	0.700	0.100	0.100
0.100	0.100	0.100	0.700
0.700	0.100	0.100	0.100
